Share Symbol,Name,Number of transaction,Max Price,Min Price,Closing Price,Difference,Traded Shares,Traded Amount,Previous Closing,Percent Difference,Date
TAMOR,Sanima Middle Tamor Hydropower Limited,694,Rs. 274.0,Rs. 265.0,Rs. 265.4,-9.8,30467,8202164.5,275.2,-3.56,"08 May, 2023"
TAMOR,Sanima Middle Tamor Hydropower Limited,439,Rs. 271.5,Rs. 264.2,Rs. 270.0,0.0,9995,2691033.0,270.0,0.0,"11 May, 2023"
TAMOR,Sanima Middle Tamor Hydropower Limited,407,Rs. 272.0,Rs. 262.1,Rs. 262.3,-7.7,11859,3143660.9,270.0,-2.85,"14 May, 2023"
TAMOR,Sanima Middle Tamor Hydropower Limited,502,Rs. 267.7,Rs. 256.1,Rs. 259.0,-3.3,9090,2361841.0,262.3,-1.26,"15 May, 2023"
TAMOR,Sanima Middle Tamor Hydropower Limited,481,Rs. 267.0,Rs. 255.0,Rs. 264.0,5.0,11341,2984067.6,259.0,1.93,"16 May, 2023"
TAMOR,Sanima Middle Tamor Hydropower Limited,503,Rs. 271.9,Rs. 261.0,Rs. 270.0,6.0,21643,5785873.0,264.0,2.27,"17 May, 2023"
TAMOR,Sanima Middle Tamor Hydropower Limited,644,Rs. 278.0,Rs. 266.0,Rs. 277.1,7.1,27118,7434727.1,270.0,2.63,"18 May, 2023"
TAMOR,Sanima Middle Tamor Hydropower Limited,719,Rs. 287.0,Rs. 269.7,Rs. 270.0,-7.1,26895,7416911.4,277.1,-2.56,"21 May, 2023"
TAMOR,Sanima Middle Tamor Hydropower Limited,546,Rs. 277.7,Rs. 265.0,Rs. 268.0,-2.0,13041,3519457.0,270.0,-0.74,"22 May, 2023"
TAMOR,Sanima Middle Tamor Hydropower Limited,659,Rs. 280.0,Rs. 269.0,Rs. 279.0,11.0,42247,11692668.6,268.0,4.1,"23 May, 2023"
TAMOR,Sanima Middle Tamor Hydropower Limited,602,Rs. 284.4,Rs. 271.0,Rs. 272.1,-6.9,25789,7104941.4,279.0,-2.47,"24 May, 2023"
TAMOR,Sanima Middle Tamor Hydropower Limited,1098,Rs. 286.9,Rs. 270.1,Rs. 272.7,0.6,60485,17004744.9,272.1,0.22,"28 May, 2023"
TAMOR,Sanima Middle Tamor Hydropower Limited,595,Rs. 273.0,Rs. 258.0,Rs. 258.0,-9.6,39699,10457190.7,267.6,-3.59,"31 May, 2023"
TAMOR,Sanima Middle Tamor Hydropower Limited,550,Rs. 266.0,Rs. 255.0,Rs. 264.9,6.9,24346,6364540.1,258.0,2.67,"01 June, 2023"
TAMOR,Sanima Middle Tamor Hydropower Limited,661,Rs. 279.8,Rs. 264.9,Rs. 275.0,10.1,29107,7998403.5,264.9,3.81,"04 June, 2023"
TAMOR,Sanima Middle Tamor Hydropower Limited,668,Rs. 284.0,Rs. 270.1,Rs. 271.3,-3.7,22730,6283932.2,275.0,-1.35,"05 June, 2023"
TAMOR,Sanima Middle Tamor Hydropower Limited,1011,Rs. 286.6,Rs. 266.1,Rs. 286.6,15.3,43446,12186109.1,271.3,5.64,"06 June, 2023"
TAMOR,Sanima Middle Tamor Hydropower Limited,1151,Rs. 295.0,Rs. 284.5,Rs. 286.9,0.3,72579,21035979.9,286.6,0.1,"07 June, 2023"
TAMOR,Sanima Middle Tamor Hydropower Limited,813,Rs. 289.6,Rs. 282.0,Rs. 287.9,1.0,47264,13450982.4,286.9,0.35,"08 June, 2023"
TAMOR,Sanima Middle Tamor Hydropower Limited,1463,Rs. 298.8,Rs. 285.0,Rs. 298.0,10.1,73241,21430193.0,287.9,3.51,"11 June, 2023"
TAMOR,Sanima Middle Tamor Hydropower Limited,914,Rs. 303.0,Rs. 290.0,Rs. 292.0,-6.0,41705,12323934.4,298.0,-2.01,"12 June, 2023"
TAMOR,Sanima Middle Tamor Hydropower Limited,1366,Rs. 303.9,Rs. 286.2,Rs. 298.0,6.0,56979,16978856.8,292.0,2.05,"13 June, 2023"
TAMOR,Sanima Middle Tamor Hydropower Limited,1399,Rs. 308.0,Rs. 293.1,Rs. 296.1,-1.9,70933,21285442.5,298.0,-0.64,"14 June, 2023"
TAMOR,Sanima Middle Tamor Hydropower Limited,2205,Rs. 315.0,Rs. 296.0,Rs. 311.1,15.0,144975,44941885.9,296.1,5.07,"15 June, 2023"
TAMOR,Sanima Middle Tamor Hydropower Limited,2055,Rs. 336.0,Rs. 311.0,Rs. 336.0,24.9,118836,38869897.6,311.1,8.0,"18 June, 2023"
TAMOR,Sanima Middle Tamor Hydropower Limited,1321,Rs. 341.9,Rs. 323.0,Rs. 331.1,-4.9,90988,30088424.0,336.0,-1.46,"19 June, 2023"
TAMOR,Sanima Middle Tamor Hydropower Limited,776,Rs. 337.7,Rs. 318.0,Rs. 320.0,-11.1,70288,22839326.4,331.1,-3.35,"20 June, 2023"
TAMOR,Sanima Middle Tamor Hydropower Limited,1081,Rs. 320.0,Rs. 310.1,Rs. 311.0,-9.0,65350,20472593.7,320.0,-2.81,"21 June, 2023"
TAMOR,Sanima Middle Tamor Hydropower Limited,968,Rs. 317.0,Rs. 301.0,Rs. 304.0,-7.0,52462,16065834.5,311.0,-2.25,"22 June, 2023"
TAMOR,Sanima Middle Tamor Hydropower Limited,1442,Rs. 317.1,Rs. 299.0,Rs. 315.0,11.0,70615,21607002.9,304.0,3.62,"25 June, 2023"
TAMOR,Sanima Middle Tamor Hydropower Limited,1070,Rs. 330.0,Rs. 308.0,Rs. 315.0,0.0,49073,15455756.7,315.0,0.0,"26 June, 2023"
TAMOR,Sanima Middle Tamor Hydropower Limited,1141,Rs. 318.0,Rs. 306.0,Rs. 318.0,3.0,40530,12720964.3,315.0,0.95,"27 June, 2023"
TAMOR,Sanima Middle Tamor Hydropower Limited,962,Rs. 320.0,Rs. 307.0,Rs. 309.0,-9.0,48491,15085746.9,318.0,-2.83,"28 June, 2023"
TAMOR,Sanima Middle Tamor Hydropower Limited,1076,Rs. 312.0,Rs. 297.0,Rs. 300.0,-9.0,43865,13325668.3,309.0,-2.91,"02 July, 2023"
TAMOR,Sanima Middle Tamor Hydropower Limited,879,Rs. 304.9,Rs. 294.1,Rs. 298.9,-1.1,40957,12236275.1,300.0,-0.37,"03 July, 2023"
TAMOR,Sanima Middle Tamor Hydropower Limited,758,Rs. 302.0,Rs. 294.0,Rs. 302.0,3.1,28550,8488939.0,298.9,1.04,"04 July, 2023"
TAMOR,Sanima Middle Tamor Hydropower Limited,0,Rs. 320.0,Rs. 297.0,Rs. 298.0,-4.0,5489,1647085.6,302.0,-1.32,"05 July, 2023"
TAMOR,Sanima Middle Tamor Hydropower Limited,0,Rs. 299.0,Rs. 289.7,Rs. 290.0,-4.0,7997,2340419.0,294.0,-1.36,"06 July, 2023"
TAMOR,Sanima Middle Tamor Hydropower Limited,784,Rs. 305.0,Rs. 290.0,Rs. 292.1,-2.9,16637,4881851.4,295.0,-0.98,"09 July, 2023"
TAMOR,Sanima Middle Tamor Hydropower Limited,826,Rs. 315.0,Rs. 289.2,Rs. 289.4,-2.7,35427,10404463.6,292.1,-0.92,"10 July, 2023"
TAMOR,Sanima Middle Tamor Hydropower Limited,576,Rs. 295.1,Rs. 281.0,Rs. 288.8,-0.6,19756,5647677.3,289.4,-0.21,"11 July, 2023"
TAMOR,Sanima Middle Tamor Hydropower Limited,772,Rs. 308.7,Rs. 283.3,Rs. 299.0,10.2,35919,10715803.1,288.8,3.53,"12 July, 2023"
TAMOR,Sanima Middle Tamor Hydropower Limited,598,Rs. 304.5,Rs. 285.2,Rs. 286.0,-13.0,25252,7378816.6,299.0,-4.35,"13 July, 2023"
TAMOR,Sanima Middle Tamor Hydropower Limited,635,Rs. 293.0,Rs. 281.0,Rs. 289.0,4.0,14446,4154878.7,285.0,1.4,"17 July, 2023"
TAMOR,Sanima Middle Tamor Hydropower Limited,518,Rs. 294.0,Rs. 285.1,Rs. 286.3,-2.7,16187,4661015.5,289.0,-0.93,"18 July, 2023"
TAMOR,Sanima Middle Tamor Hydropower Limited,593,Rs. 297.0,Rs. 281.3,Rs. 285.0,-1.3,15790,4500390.5,286.3,-0.45,"19 July, 2023"
TAMOR,Sanima Middle Tamor Hydropower Limited,682,Rs. 292.0,Rs. 281.0,Rs. 289.0,4.0,18448,5282156.2,285.0,1.4,"20 July, 2023"
TAMOR,Sanima Middle Tamor Hydropower Limited,787,Rs. 294.5,Rs. 284.4,Rs. 293.0,4.0,19154,5557509.5,289.0,1.38,"23 July, 2023"
TAMOR,Sanima Middle Tamor Hydropower Limited,606,Rs. 297.0,Rs. 288.0,Rs. 294.0,1.0,26471,7752775.5,293.0,0.34,"24 July, 2023"
TAMOR,Sanima Middle Tamor Hydropower Limited,476,Rs. 295.0,Rs. 288.4,Rs. 290.2,-3.8,15262,4448851.0,294.0,-1.29,"25 July, 2023"
TAMOR,Sanima Middle Tamor Hydropower Limited,433,Rs. 295.0,Rs. 285.1,Rs. 287.2,-3.0,18894,5458578.9,290.2,-1.03,"26 July, 2023"
TAMOR,Sanima Middle Tamor Hydropower Limited,398,Rs. 290.0,Rs. 282.5,Rs. 285.0,-2.2,8399,2400744.3,287.2,-0.77,"27 July, 2023"
TAMOR,Sanima Middle Tamor Hydropower Limited,449,Rs. 288.0,Rs. 279.0,Rs. 279.3,-5.7,17496,4919818.5,285.0,-2.0,"30 July, 2023"
TAMOR,Sanima Middle Tamor Hydropower Limited,556,Rs. 282.1,Rs. 275.7,Rs. 277.0,-2.3,14640,4088322.5,279.3,-0.82,"31 July, 2023"
TAMOR,Sanima Middle Tamor Hydropower Limited,490,Rs. 282.5,Rs. 270.0,Rs. 271.0,-6.0,15486,4241970.5,277.0,-2.17,"01 August, 2023"
TAMOR,Sanima Middle Tamor Hydropower Limited,473,Rs. 272.0,Rs. 266.1,Rs. 268.0,-3.0,7008,1881244.0,271.0,-1.11,"02 August, 2023"
TAMOR,Sanima Middle Tamor Hydropower Limited,592,Rs. 273.0,Rs. 267.1,Rs. 270.0,2.0,12707,3422715.4,268.0,0.75,"03 August, 2023"
TAMOR,Sanima Middle Tamor Hydropower Limited,588,Rs. 270.0,Rs. 261.1,Rs. 264.1,-5.9,12385,3284162.1,270.0,-2.19,"06 August, 2023"
TAMOR,Sanima Middle Tamor Hydropower Limited,683,Rs. 269.2,Rs. 259.1,Rs. 264.0,-0.1,10730,2838004.0,264.1,-0.04,"07 August, 2023"
TAMOR,Sanima Middle Tamor Hydropower Limited,806,Rs. 268.0,Rs. 257.0,Rs. 259.0,-5.0,17790,4648421.0,264.0,-1.89,"08 August, 2023"
TAMOR,Sanima Middle Tamor Hydropower Limited,642,Rs. 269.3,Rs. 254.1,Rs. 269.3,10.3,13878,3566182.0,259.0,3.98,"09 August, 2023"
TAMOR,Sanima Middle Tamor Hydropower Limited,566,Rs. 274.0,Rs. 260.9,Rs. 266.8,-2.5,17720,4729355.2,269.3,-0.93,"10 August, 2023"
TAMOR,Sanima Middle Tamor Hydropower Limited,824,Rs. 265.0,Rs. 258.0,Rs. 258.9,-7.9,24667,6438551.6,266.8,-2.96,"13 August, 2023"
TAMOR,Sanima Middle Tamor Hydropower Limited,720,Rs. 266.0,Rs. 254.1,Rs. 256.0,-2.9,18625,4798659.0,258.9,-1.12,"14 August, 2023"
TAMOR,Sanima Middle Tamor Hydropower Limited,587,Rs. 257.0,Rs. 251.0,Rs. 252.0,-4.0,18515,4691910.3,256.0,-1.56,"15 August, 2023"
TAMOR,Sanima Middle Tamor Hydropower Limited,405,Rs. 255.0,Rs. 248.0,Rs. 249.5,-2.5,13795,3449920.6,252.0,-0.99,"16 August, 2023"
TAMOR,Sanima Middle Tamor Hydropower Limited,532,Rs. 264.0,Rs. 245.2,Rs. 250.5,1.0,10568,2665266.6,249.5,0.4,"17 August, 2023"
TAMOR,Sanima Middle Tamor Hydropower Limited,451,Rs. 250.0,Rs. 244.3,Rs. 244.6,-5.9,9217,2268961.4,250.5,-2.36,"20 August, 2023"
TAMOR,Sanima Middle Tamor Hydropower Limited,509,Rs. 246.0,Rs. 241.0,Rs. 243.0,-1.6,10943,2667513.8,244.6,-0.65,"21 August, 2023"
TAMOR,Sanima Middle Tamor Hydropower Limited,502,Rs. 252.0,Rs. 242.0,Rs. 251.0,8.0,10390,2547713.0,243.0,3.29,"22 August, 2023"
TAMOR,Sanima Middle Tamor Hydropower Limited,691,Rs. 274.0,Rs. 246.2,Rs. 260.0,9.0,16796,4307641.0,251.0,3.59,"23 August, 2023"
TAMOR,Sanima Middle Tamor Hydropower Limited,431,Rs. 265.0,Rs. 248.5,Rs. 248.6,-11.4,11550,2944790.2,260.0,-4.38,"24 August, 2023"
TAMOR,Sanima Middle Tamor Hydropower Limited,528,Rs. 253.5,Rs. 244.1,Rs. 245.7,-2.9,12888,3171473.2,248.6,-1.17,"27 August, 2023"
TAMOR,Sanima Middle Tamor Hydropower Limited,456,Rs. 250.9,Rs. 242.1,Rs. 246.3,0.6,7464,1852155.6,245.7,0.24,"28 August, 2023"
TAMOR,Sanima Middle Tamor Hydropower Limited,0,Rs. 251.0,Rs. 242.3,Rs. 248.0,1.7,9082,2219696.0,246.3,0.69,"29 August, 2023"
TAMOR,Sanima Middle Tamor Hydropower Limited,395,Rs. 250.0,Rs. 245.0,Rs. 250.0,1.0,7565,1870290.1,249.0,0.4,"30 August, 2023"
TAMOR,Sanima Middle Tamor Hydropower Limited,451,Rs. 259.0,Rs. 241.2,Rs. 242.0,-8.0,13620,3320121.3,250.0,-3.2,"03 September, 2023"
TAMOR,Sanima Middle Tamor Hydropower Limited,373,Rs. 260.1,Rs. 238.0,Rs. 244.1,2.1,4575,1115207.0,242.0,0.87,"04 September, 2023"
TAMOR,Sanima Middle Tamor Hydropower Limited,371,Rs. 255.0,Rs. 239.7,Rs. 245.0,0.9,10796,2607979.7,244.1,0.37,"05 September, 2023"
TAMOR,Sanima Middle Tamor Hydropower Limited,280,Rs. 247.0,Rs. 240.0,Rs. 240.2,-4.8,9189,2212724.5,245.0,-1.96,"07 September, 2023"
TAMOR,Sanima Middle Tamor Hydropower Limited,437,Rs. 245.0,Rs. 239.0,Rs. 241.0,0.8,9663,2320192.9,240.2,0.33,"10 September, 2023"
TAMOR,Sanima Middle Tamor Hydropower Limited,482,Rs. 250.0,Rs. 237.0,Rs. 246.0,5.0,11610,2846388.0,241.0,2.07,"11 September, 2023"
TAMOR,Sanima Middle Tamor Hydropower Limited,245,Rs. 250.0,Rs. 234.8,Rs. 239.1,-6.9,12021,2888212.5,246.0,-2.8,"12 September, 2023"
TAMOR,Sanima Middle Tamor Hydropower Limited,392,Rs. 249.0,Rs. 237.4,Rs. 247.0,7.9,10167,2474741.7,239.1,3.3,"13 September, 2023"
TAMOR,Sanima Middle Tamor Hydropower Limited,316,Rs. 246.0,Rs. 238.0,Rs. 238.0,-9.0,12510,3010890.3,247.0,-3.64,"17 September, 2023"
TAMOR,Sanima Middle Tamor Hydropower Limited,423,Rs. 250.0,Rs. 236.2,Rs. 245.0,7.0,13180,3250138.5,238.0,2.94,"18 September, 2023"
TAMOR,Sanima Middle Tamor Hydropower Limited,550,Rs. 256.0,Rs. 240.6,Rs. 255.0,10.0,14940,3720648.0,245.0,4.08,"19 September, 2023"
TAMOR,Sanima Middle Tamor Hydropower Limited,853,Rs. 268.3,Rs. 254.0,Rs. 261.1,6.1,27994,7392762.9,255.0,2.39,"21 September, 2023"
TAMOR,Sanima Middle Tamor Hydropower Limited,630,Rs. 272.3,Rs. 254.3,Rs. 257.2,-3.9,23609,6126743.2,261.1,-1.49,"24 September, 2023"
TAMOR,Sanima Middle Tamor Hydropower Limited,524,Rs. 265.2,Rs. 251.1,Rs. 255.0,-2.2,14629,3790515.0,257.2,-0.86,"25 September, 2023"
TAMOR,Sanima Middle Tamor Hydropower Limited,823,Rs. 270.0,Rs. 255.1,Rs. 270.0,15.0,24380,6490279.6,255.0,5.88,"26 September, 2023"
TAMOR,Sanima Middle Tamor Hydropower Limited,467,Rs. 266.0,Rs. 260.0,Rs. 262.9,-7.1,24166,6328468.0,270.0,-2.63,"27 September, 2023"
TAMOR,Sanima Middle Tamor Hydropower Limited,537,Rs. 262.0,Rs. 252.0,Rs. 255.0,-7.9,14625,3737785.5,262.9,-3.0,"01 October, 2023"
TAMOR,Sanima Middle Tamor Hydropower Limited,563,Rs. 260.1,Rs. 247.4,Rs. 259.0,4.0,9590,2418026.0,255.0,1.57,"02 October, 2023"
TAMOR,Sanima Middle Tamor Hydropower Limited,405,Rs. 255.3,Rs. 250.0,Rs. 250.0,-9.0,7714,1944822.3,259.0,-3.47,"03 October, 2023"
TAMOR,Sanima Middle Tamor Hydropower Limited,651,Rs. 259.0,Rs. 248.1,Rs. 254.0,4.0,18719,4757836.4,250.0,1.6,"04 October, 2023"
TAMOR,Sanima Middle Tamor Hydropower Limited,513,Rs. 256.0,Rs. 249.4,Rs. 253.0,-1.0,7998,2019341.4,254.0,-0.39,"05 October, 2023"
TAMOR,Sanima Middle Tamor Hydropower Limited,419,Rs. 249.9,Rs. 241.2,Rs. 245.0,-8.0,13335,3261238.4,253.0,-3.16,"08 October, 2023"
TAMOR,Sanima Middle Tamor Hydropower Limited,414,Rs. 251.0,Rs. 241.0,Rs. 248.0,3.0,7340,1796699.0,245.0,1.22,"09 October, 2023"
TAMOR,Sanima Middle Tamor Hydropower Limited,329,Rs. 245.0,Rs. 241.1,Rs. 245.0,-3.0,13825,3357828.0,248.0,-1.21,"10 October, 2023"
TAMOR,Sanima Middle Tamor Hydropower Limited,386,Rs. 246.0,Rs. 240.1,Rs. 245.9,0.9,9085,2215450.1,245.0,0.37,"11 October, 2023"
TAMOR,Sanima Middle Tamor Hydropower Limited,483,Rs. 248.8,Rs. 241.1,Rs. 244.0,-1.9,13765,3335540.7,245.9,-0.77,"12 October, 2023"
TAMOR,Sanima Middle Tamor Hydropower Limited,290,Rs. 244.0,Rs. 235.7,Rs. 244.0,6.0,5704,1364315.2,238.0,2.52,"22 November, 2023"
TAMOR,Sanima Middle Tamor Hydropower Limited,334,Rs. 257.8,Rs. 235.0,Rs. 251.9,7.9,11421,2840831.0,244.0,3.24,"23 November, 2023"
TAMOR,Sanima Middle Tamor Hydropower Limited,274,Rs. 247.0,Rs. 241.2,Rs. 245.2,0.0,5420,1321576.0,245.2,0.0,"03 December, 2023"
TAMOR,Sanima Middle Tamor Hydropower Limited,288,Rs. 248.0,Rs. 242.1,Rs. 245.4,0.2,5820,1431915.0,245.2,0.08,"04 December, 2023"
TAMOR,Sanima Middle Tamor Hydropower Limited,218,Rs. 246.0,Rs. 242.0,Rs. 242.5,-2.9,5325,1296501.0,245.4,-1.18,"05 December, 2023"
TAMOR,Sanima Middle Tamor Hydropower Limited,222,Rs. 245.0,Rs. 241.0,Rs. 245.0,2.5,6915,1681009.0,242.5,1.03,"06 December, 2023"
TAMOR,Sanima Middle Tamor Hydropower Limited,342,Rs. 249.0,Rs. 240.2,Rs. 244.4,-0.6,7150,1748960.0,245.0,-0.24,"07 December, 2023"
TAMOR,Sanima Middle Tamor Hydropower Limited,11,Rs. 260.0,Rs. 244.0,Rs. 248.1,3.7,200,50602.0,244.4,1.51,"10 December, 2023"
TAMOR,Sanima Middle Tamor Hydropower Limited,1091,Rs. 270.0,Rs. 250.0,Rs. 268.0,19.9,64491,16863762.8,248.1,8.02,"11 December, 2023"
TAMOR,Sanima Middle Tamor Hydropower Limited,696,Rs. 275.1,Rs. 260.5,Rs. 271.0,3.0,44694,12124057.3,268.0,1.12,"12 December, 2023"
TAMOR,Sanima Middle Tamor Hydropower Limited,510,Rs. 281.0,Rs. 266.0,Rs. 267.0,-4.0,28387,7715056.6,271.0,-1.48,"13 December, 2023"
TAMOR,Sanima Middle Tamor Hydropower Limited,531,Rs. 282.0,Rs. 260.0,Rs. 274.0,7.0,49233,13206633.3,267.0,2.62,"14 December, 2023"
TAMOR,Sanima Middle Tamor Hydropower Limited,908,Rs. 296.0,Rs. 263.3,Rs. 296.0,22.0,79620,22744347.3,274.0,8.03,"17 December, 2023"
TAMOR,Sanima Middle Tamor Hydropower Limited,975,Rs. 310.0,Rs. 291.0,Rs. 301.0,5.0,134850,40615695.1,296.0,1.69,"18 December, 2023"
TAMOR,Sanima Middle Tamor Hydropower Limited,1175,Rs. 321.0,Rs. 290.0,Rs. 320.0,19.0,152684,46448718.5,301.0,6.31,"19 December, 2023"
TAMOR,Sanima Middle Tamor Hydropower Limited,1070,Rs. 325.0,Rs. 309.3,Rs. 319.2,-0.8,107630,34208506.2,320.0,-0.25,"20 December, 2023"
TAMOR,Sanima Middle Tamor Hydropower Limited,881,Rs. 322.0,Rs. 305.0,Rs. 305.0,-14.2,91260,28244140.2,319.2,-4.45,"21 December, 2023"
TAMOR,Sanima Middle Tamor Hydropower Limited,1191,Rs. 313.3,Rs. 300.1,Rs. 304.4,-0.6,130038,40179247.8,305.0,-0.2,"24 December, 2023"
TAMOR,Sanima Middle Tamor Hydropower Limited,1113,Rs. 313.0,Rs. 296.7,Rs. 300.0,-4.4,70004,21293531.7,304.4,-1.45,"27 December, 2023"
TAMOR,Sanima Middle Tamor Hydropower Limited,1002,Rs. 307.1,Rs. 295.1,Rs. 304.0,4.0,43802,13267962.0,300.0,1.33,"28 December, 2023"
TAMOR,Sanima Middle Tamor Hydropower Limited,694,Rs. 310.0,Rs. 293.0,Rs. 293.0,-11.0,32659,9800867.9,304.0,-3.62,"01 January, 2024"
TAMOR,Sanima Middle Tamor Hydropower Limited,617,Rs. 298.0,Rs. 289.1,Rs. 293.0,0.0,44083,12900174.1,293.0,0.0,"02 January, 2024"
TAMOR,Sanima Middle Tamor Hydropower Limited,709,Rs. 308.0,Rs. 290.0,Rs. 303.0,10.0,36179,10831220.9,293.0,3.41,"03 January, 2024"
TAMOR,Sanima Middle Tamor Hydropower Limited,1292,Rs. 325.6,Rs. 302.1,Rs. 310.0,7.0,135496,42221250.7,303.0,2.31,"04 January, 2024"
TAMOR,Sanima Middle Tamor Hydropower Limited,1745,Rs. 338.0,Rs. 305.0,Rs. 326.0,16.0,278711,91475388.5,310.0,5.16,"07 January, 2024"
TAMOR,Sanima Middle Tamor Hydropower Limited,2422,Rs. 358.6,Rs. 324.0,Rs. 358.2,32.2,322296,112915893.6,326.0,9.88,"08 January, 2024"
TAMOR,Sanima Middle Tamor Hydropower Limited,1524,Rs. 390.0,Rs. 362.0,Rs. 370.0,-12.0,198011,73841943.3,382.0,-3.14,"10 January, 2024"
TAMOR,Sanima Middle Tamor Hydropower Limited,1991,Rs. 407.0,Rs. 370.0,Rs. 406.0,36.0,261660,101938828.7,370.0,9.73,"11 January, 2024"
TAMOR,Sanima Middle Tamor Hydropower Limited,1592,Rs. 439.8,Rs. 406.0,Rs. 435.9,29.9,160296,68958412.1,406.0,7.36,"14 January, 2024"
TAMOR,Sanima Middle Tamor Hydropower Limited,1609,Rs. 447.0,Rs. 424.0,Rs. 428.0,-7.9,190085,82334939.4,435.9,-1.81,"16 January, 2024"
TAMOR,Sanima Middle Tamor Hydropower Limited,2114,Rs. 440.0,Rs. 410.2,Rs. 425.0,-3.0,256193,108578189.8,428.0,-0.7,"17 January, 2024"
TAMOR,Sanima Middle Tamor Hydropower Limited,2469,Rs. 454.0,Rs. 402.0,Rs. 440.0,15.0,185207,81131875.1,425.0,3.53,"18 January, 2024"
TAMOR,Sanima Middle Tamor Hydropower Limited,1357,Rs. 451.0,Rs. 423.0,Rs. 425.0,-15.0,107245,47131810.3,440.0,-3.41,"21 January, 2024"
TAMOR,Sanima Middle Tamor Hydropower Limited,1228,Rs. 436.9,Rs. 411.0,Rs. 421.0,-4.0,107239,44989702.1,425.0,-0.94,"22 January, 2024"
TAMOR,Sanima Middle Tamor Hydropower Limited,1045,Rs. 425.0,Rs. 409.0,Rs. 420.0,-1.0,49803,20725570.4,421.0,-0.24,"23 January, 2024"
TAMOR,Sanima Middle Tamor Hydropower Limited,918,Rs. 423.0,Rs. 398.2,Rs. 406.0,-14.0,65010,26367175.5,420.0,-3.33,"24 January, 2024"
TAMOR,Sanima Middle Tamor Hydropower Limited,908,Rs. 410.0,Rs. 395.0,Rs. 409.0,3.0,69253,27870905.9,406.0,0.74,"25 January, 2024"
TAMOR,Sanima Middle Tamor Hydropower Limited,868,Rs. 415.0,Rs. 397.0,Rs. 406.0,-3.0,42985,17309915.2,409.0,-0.73,"28 January, 2024"
TAMOR,Sanima Middle Tamor Hydropower Limited,870,Rs. 414.1,Rs. 400.1,Rs. 405.0,-1.0,46510,18976041.4,406.0,-0.25,"29 January, 2024"
TAMOR,Sanima Middle Tamor Hydropower Limited,1166,Rs. 422.2,Rs. 401.0,Rs. 414.0,9.0,93232,38734901.8,405.0,2.22,"30 January, 2024"
TAMOR,Sanima Middle Tamor Hydropower Limited,667,Rs. 422.0,Rs. 400.1,Rs. 403.1,-10.9,44352,18181334.9,414.0,-2.63,"31 January, 2024"
TAMOR,Sanima Middle Tamor Hydropower Limited,559,Rs. 402.0,Rs. 391.2,Rs. 394.0,-9.1,63154,25033076.2,403.1,-2.26,"01 February, 2024"
TAMOR,Sanima Middle Tamor Hydropower Limited,537,Rs. 409.0,Rs. 390.0,Rs. 393.0,-1.0,32733,13051771.5,394.0,-0.25,"04 February, 2024"
TAMOR,Sanima Middle Tamor Hydropower Limited,530,Rs. 409.0,Rs. 393.0,Rs. 397.0,4.0,34342,13694660.0,393.0,1.02,"05 February, 2024"
TAMOR,Sanima Middle Tamor Hydropower Limited,460,Rs. 400.0,Rs. 393.0,Rs. 396.0,-1.0,27962,11074378.9,397.0,-0.25,"06 February, 2024"
TAMOR,Sanima Middle Tamor Hydropower Limited,555,Rs. 410.5,Rs. 395.2,Rs. 397.0,1.0,37104,14823083.8,396.0,0.25,"07 February, 2024"
TAMOR,Sanima Middle Tamor Hydropower Limited,703,Rs. 408.0,Rs. 395.0,Rs. 403.0,6.0,47807,19240752.0,397.0,1.51,"08 February, 2024"
TAMOR,Sanima Middle Tamor Hydropower Limited,719,Rs. 417.0,Rs. 402.0,Rs. 402.0,-1.0,65490,26622785.1,403.0,-0.25,"11 February, 2024"
TAMOR,Sanima Middle Tamor Hydropower Limited,826,Rs. 418.2,Rs. 395.2,Rs. 412.0,10.0,49301,20216031.7,402.0,2.49,"12 February, 2024"
TAMOR,Sanima Middle Tamor Hydropower Limited,1337,Rs. 437.9,Rs. 404.0,Rs. 427.9,15.9,235564,100649237.3,412.0,3.86,"13 February, 2024"
TAMOR,Sanima Middle Tamor Hydropower Limited,876,Rs. 436.4,Rs. 422.2,Rs. 430.5,2.6,118878,51000916.6,427.9,0.61,"14 February, 2024"
TAMOR,Sanima Middle Tamor Hydropower Limited,1129,Rs. 443.0,Rs. 422.0,Rs. 429.0,-1.5,128669,55737833.2,430.5,-0.35,"15 February, 2024"
TAMOR,Sanima Middle Tamor Hydropower Limited,851,Rs. 430.0,Rs. 415.1,Rs. 415.2,-13.8,41551,17496108.0,429.0,-3.22,"18 February, 2024"
TAMOR,Sanima Middle Tamor Hydropower Limited,742,Rs. 420.0,Rs. 407.1,Rs. 411.0,-4.2,43058,17841140.0,415.2,-1.01,"20 February, 2024"
TAMOR,Sanima Middle Tamor Hydropower Limited,642,Rs. 415.1,Rs. 408.0,Rs. 409.0,-2.0,50240,20658676.6,411.0,-0.49,"21 February, 2024"
TAMOR,Sanima Middle Tamor Hydropower Limited,786,Rs. 412.0,Rs. 403.2,Rs. 406.5,-2.5,54245,22095330.6,409.0,-0.61,"22 February, 2024"
TAMOR,Sanima Middle Tamor Hydropower Limited,593,Rs. 414.0,Rs. 395.0,Rs. 395.4,-11.1,46820,18772475.6,406.5,-2.73,"25 February, 2024"
TAMOR,Sanima Middle Tamor Hydropower Limited,409,Rs. 410.0,Rs. 392.0,Rs. 396.5,1.1,38064,15229888.0,395.4,0.28,"26 February, 2024"
TAMOR,Sanima Middle Tamor Hydropower Limited,258,Rs. 412.0,Rs. 395.2,Rs. 398.0,1.5,14113,5651983.6,396.5,0.38,"27 February, 2024"
TAMOR,Sanima Middle Tamor Hydropower Limited,252,Rs. 404.0,Rs. 392.0,Rs. 395.0,-3.0,11627,4610144.6,398.0,-0.75,"28 February, 2024"
TAMOR,Sanima Middle Tamor Hydropower Limited,330,Rs. 402.9,Rs. 370.0,Rs. 379.9,-15.1,75026,28650197.6,395.0,-3.82,"29 February, 2024"
TAMOR,Sanima Middle Tamor Hydropower Limited,292,Rs. 380.0,Rs. 368.0,Rs. 375.0,-4.9,30986,11537807.7,379.9,-1.29,"03 March, 2024"
TAMOR,Sanima Middle Tamor Hydropower Limited,11,Rs. 403.9,Rs. 382.5,Rs. 403.9,28.9,5150,2050364.0,375.0,7.71,"04 March, 2024"
TAMOR,Sanima Middle Tamor Hydropower Limited,376,Rs. 411.9,Rs. 379.0,Rs. 380.0,-23.9,49385,19306964.1,403.9,-5.92,"05 March, 2024"
TAMOR,Sanima Middle Tamor Hydropower Limited,410,Rs. 402.0,Rs. 375.0,Rs. 389.0,9.0,52620,20481286.2,380.0,2.37,"06 March, 2024"
TAMOR,Sanima Middle Tamor Hydropower Limited,338,Rs. 402.0,Rs. 389.0,Rs. 393.2,4.2,43815,17402232.8,389.0,1.08,"07 March, 2024"
TAMOR,Sanima Middle Tamor Hydropower Limited,506,Rs. 407.0,Rs. 390.6,Rs. 404.0,10.8,48605,19423520.3,393.2,2.75,"10 March, 2024"
TAMOR,Sanima Middle Tamor Hydropower Limited,496,Rs. 410.0,Rs. 399.0,Rs. 404.0,0.0,47544,19198922.6,404.0,0.0,"12 March, 2024"
TAMOR,Sanima Middle Tamor Hydropower Limited,381,Rs. 405.0,Rs. 394.0,Rs. 397.0,-7.0,51405,20515006.4,404.0,-1.73,"13 March, 2024"
TAMOR,Sanima Middle Tamor Hydropower Limited,312,Rs. 400.0,Rs. 387.0,Rs. 388.0,-9.0,30736,12042327.4,397.0,-2.27,"14 March, 2024"
TAMOR,Sanima Middle Tamor Hydropower Limited,354,Rs. 399.9,Rs. 384.4,Rs. 386.0,-2.0,27321,10578890.8,388.0,-0.52,"17 March, 2024"
TAMOR,Sanima Middle Tamor Hydropower Limited,328,Rs. 397.3,Rs. 380.3,Rs. 389.9,3.9,21968,8483521.0,386.0,1.01,"18 March, 2024"
TAMOR,Sanima Middle Tamor Hydropower Limited,302,Rs. 389.8,Rs. 380.4,Rs. 380.4,-9.5,21273,8162856.0,389.9,-2.44,"19 March, 2024"
TAMOR,Sanima Middle Tamor Hydropower Limited,271,Rs. 388.0,Rs. 372.8,Rs. 379.1,-1.3,20631,7826032.4,380.4,-0.34,"20 March, 2024"
TAMOR,Sanima Middle Tamor Hydropower Limited,285,Rs. 385.0,Rs. 374.0,Rs. 385.0,5.9,25732,9787317.2,379.1,1.56,"21 March, 2024"
TAMOR,Sanima Middle Tamor Hydropower Limited,207,Rs. 386.0,Rs. 376.0,Rs. 383.5,-1.5,12985,4943026.0,385.0,-0.39,"25 March, 2024"
TAMOR,Sanima Middle Tamor Hydropower Limited,314,Rs. 397.0,Rs. 376.3,Rs. 390.0,6.5,19951,7760895.5,383.5,1.69,"26 March, 2024"
TAMOR,Sanima Middle Tamor Hydropower Limited,234,Rs. 397.0,Rs. 381.0,Rs. 390.0,0.0,11240,4335747.3,390.0,0.0,"27 March, 2024"
TAMOR,Sanima Middle Tamor Hydropower Limited,225,Rs. 388.0,Rs. 380.0,Rs. 384.0,-6.0,17103,6585896.6,390.0,-1.54,"28 March, 2024"
TAMOR,Sanima Middle Tamor Hydropower Limited,376,Rs. 387.6,Rs. 375.0,Rs. 386.0,2.0,26615,10126322.2,384.0,0.52,"31 March, 2024"
TAMOR,Sanima Middle Tamor Hydropower Limited,269,Rs. 384.0,Rs. 371.7,Rs. 378.0,-8.0,10651,4037038.5,386.0,-2.07,"01 April, 2024"
TAMOR,Sanima Middle Tamor Hydropower Limited,277,Rs. 387.6,Rs. 373.0,Rs. 377.0,-1.0,9950,3748840.6,378.0,-0.26,"02 April, 2024"
TAMOR,Sanima Middle Tamor Hydropower Limited,265,Rs. 382.5,Rs. 370.0,Rs. 381.0,4.0,14999,5694885.2,377.0,1.06,"03 April, 2024"
TAMOR,Sanima Middle Tamor Hydropower Limited,265,Rs. 381.5,Rs. 374.0,Rs. 380.0,-1.0,20103,7601341.8,381.0,-0.26,"04 April, 2024"
TAMOR,Sanima Middle Tamor Hydropower Limited,351,Rs. 385.0,Rs. 373.0,Rs. 385.0,5.0,15220,5777431.0,380.0,1.32,"07 April, 2024"
TAMOR,Sanima Middle Tamor Hydropower Limited,396,Rs. 390.0,Rs. 382.2,Rs. 388.0,3.0,15278,5898930.3,385.0,0.78,"09 April, 2024"
TAMOR,Sanima Middle Tamor Hydropower Limited,312,Rs. 385.0,Rs. 378.1,Rs. 384.3,-3.7,28022,10662881.5,388.0,-0.95,"10 April, 2024"
TAMOR,Sanima Middle Tamor Hydropower Limited,593,Rs. 412.0,Rs. 380.0,Rs. 394.5,10.2,68891,27493421.9,384.3,2.65,"14 April, 2024"
TAMOR,Sanima Middle Tamor Hydropower Limited,277,Rs. 407.0,Rs. 385.0,Rs. 388.5,-6.0,13013,5091638.9,394.5,-1.52,"15 April, 2024"
TAMOR,Sanima Middle Tamor Hydropower Limited,185,Rs. 388.9,Rs. 379.1,Rs. 385.0,-3.5,10605,4063685.5,388.5,-0.9,"16 April, 2024"
TAMOR,Sanima Middle Tamor Hydropower Limited,167,Rs. 380.0,Rs. 377.5,Rs. 378.1,-6.9,11427,4322940.2,385.0,-1.79,"18 April, 2024"
TAMOR,Sanima Middle Tamor Hydropower Limited,231,Rs. 380.1,Rs. 372.0,Rs. 380.1,2.0,12026,4521989.0,378.1,0.53,"21 April, 2024"
TAMOR,Sanima Middle Tamor Hydropower Limited,210,Rs. 387.0,Rs. 375.0,Rs. 379.0,-1.1,8086,3063748.0,380.1,-0.29,"22 April, 2024"
TAMOR,Sanima Middle Tamor Hydropower Limited,219,Rs. 383.0,Rs. 368.0,Rs. 373.0,-6.0,10840,4072726.5,379.0,-1.58,"24 April, 2024"
TAMOR,Sanima Middle Tamor Hydropower Limited,221,Rs. 381.0,Rs. 365.9,Rs. 373.0,0.0,16405,6086933.0,373.0,0.0,"25 April, 2024"
TAMOR,Sanima Middle Tamor Hydropower Limited,221,Rs. 380.0,Rs. 366.2,Rs. 380.0,7.0,7451,2771585.0,373.0,1.88,"28 April, 2024"
TAMOR,Sanima Middle Tamor Hydropower Limited,197,Rs. 380.0,Rs. 368.5,Rs. 369.0,-11.0,11685,4355875.0,380.0,-2.89,"29 April, 2024"
TAMOR,Sanima Middle Tamor Hydropower Limited,314,Rs. 382.5,Rs. 365.2,Rs. 375.0,6.0,25151,9456231.0,369.0,1.63,"30 April, 2024"
TAMOR,Sanima Middle Tamor Hydropower Limited,219,Rs. 382.5,Rs. 368.0,Rs. 370.0,-5.0,11885,4430585.0,375.0,-1.33,"02 May, 2024"
TAMOR,Sanima Middle Tamor Hydropower Limited,187,Rs. 370.9,Rs. 356.6,Rs. 356.8,-7.2,22920,8250447.0,364.0,-1.98,"06 May, 2024"
TAMOR,Sanima Middle Tamor Hydropower Limited,150,Rs. 367.2,Rs. 353.0,Rs. 357.0,0.2,6510,2334477.5,356.8,0.06,"07 May, 2024"
TAMOR,Sanima Middle Tamor Hydropower Limited,192,Rs. 363.0,Rs. 348.0,Rs. 353.0,-4.0,19775,6947548.7,357.0,-1.12,"08 May, 2024"
TAMOR,Sanima Middle Tamor Hydropower Limited,170,Rs. 360.0,Rs. 350.0,Rs. 355.0,2.0,20790,7344537.1,353.0,0.57,"09 May, 2024"
TAMOR,Sanima Middle Tamor Hydropower Limited,208,Rs. 358.0,Rs. 350.0,Rs. 353.8,-1.2,9977,3531037.4,355.0,-0.34,"12 May, 2024"
TAMOR,Sanima Middle Tamor Hydropower Limited,220,Rs. 362.0,Rs. 348.1,Rs. 362.0,8.2,16012,5709083.5,353.8,2.32,"13 May, 2024"
TAMOR,Sanima Middle Tamor Hydropower Limited,374,Rs. 384.5,Rs. 355.0,Rs. 384.0,22.0,39230,14779836.7,362.0,6.08,"14 May, 2024"
TAMOR,Sanima Middle Tamor Hydropower Limited,214,Rs. 388.0,Rs. 368.0,Rs. 369.0,-15.0,25890,9731179.3,384.0,-3.91,"15 May, 2024"
TAMOR,Sanima Middle Tamor Hydropower Limited,263,Rs. 377.0,Rs. 366.0,Rs. 377.0,8.0,22706,8475266.1,369.0,2.17,"16 May, 2024"
TAMOR,Sanima Middle Tamor Hydropower Limited,340,Rs. 384.5,Rs. 367.6,Rs. 381.0,4.0,32560,12310078.8,377.0,1.06,"19 May, 2024"
TAMOR,Sanima Middle Tamor Hydropower Limited,411,Rs. 390.6,Rs. 379.3,Rs. 387.0,6.0,47520,18263054.8,381.0,1.57,"20 May, 2024"
TAMOR,Sanima Middle Tamor Hydropower Limited,395,Rs. 396.9,Rs. 380.0,Rs. 394.0,7.0,28294,11093166.1,387.0,1.81,"21 May, 2024"
TAMOR,Sanima Middle Tamor Hydropower Limited,247,Rs. 396.0,Rs. 385.0,Rs. 385.4,-8.6,29162,11343186.8,394.0,-2.18,"22 May, 2024"
TAMOR,Sanima Middle Tamor Hydropower Limited,233,Rs. 383.0,Rs. 376.0,Rs. 377.0,-8.4,11141,4215148.2,385.4,-2.18,"26 May, 2024"
TAMOR,Sanima Middle Tamor Hydropower Limited,258,Rs. 383.0,Rs. 370.1,Rs. 383.0,6.0,14760,5563231.0,377.0,1.59,"27 May, 2024"
TAMOR,Sanima Middle Tamor Hydropower Limited,228,Rs. 390.6,Rs. 370.0,Rs. 378.0,-5.0,18978,7156188.5,383.0,-1.31,"29 May, 2024"
TAMOR,Sanima Middle Tamor Hydropower Limited,319,Rs. 384.0,Rs. 372.2,Rs. 374.0,-4.0,16467,6204166.8,378.0,-1.06,"30 May, 2024"
TAMOR,Sanima Middle Tamor Hydropower Limited,395,Rs. 395.0,Rs. 371.6,Rs. 385.0,11.0,29631,11461869.0,374.0,2.94,"02 June, 2024"
TAMOR,Sanima Middle Tamor Hydropower Limited,378,Rs. 395.0,Rs. 385.2,Rs. 390.0,5.0,45116,17669483.7,385.0,1.3,"03 June, 2024"
TAMOR,Sanima Middle Tamor Hydropower Limited,251,Rs. 395.0,Rs. 384.0,Rs. 386.7,-3.3,24080,9362216.3,390.0,-0.85,"04 June, 2024"
TAMOR,Sanima Middle Tamor Hydropower Limited,209,Rs. 394.4,Rs. 381.1,Rs. 388.9,2.2,12468,4797530.3,386.7,0.57,"05 June, 2024"
TAMOR,Sanima Middle Tamor Hydropower Limited,253,Rs. 393.8,Rs. 382.8,Rs. 390.0,1.1,31719,12300275.0,388.9,0.28,"06 June, 2024"
TAMOR,Sanima Middle Tamor Hydropower Limited,352,Rs. 397.8,Rs. 385.0,Rs. 393.5,3.5,37407,14630282.3,390.0,0.9,"09 June, 2024"
TAMOR,Sanima Middle Tamor Hydropower Limited,592,Rs. 408.0,Rs. 392.0,Rs. 399.0,5.5,70483,28300911.2,393.5,1.4,"10 June, 2024"
TAMOR,Sanima Middle Tamor Hydropower Limited,570,Rs. 412.0,Rs. 400.0,Rs. 409.0,10.0,80235,32619183.4,399.0,2.51,"11 June, 2024"
TAMOR,Sanima Middle Tamor Hydropower Limited,399,Rs. 409.0,Rs. 402.6,Rs. 404.2,-4.8,59563,24147574.3,409.0,-1.17,"12 June, 2024"
TAMOR,Sanima Middle Tamor Hydropower Limited,345,Rs. 405.0,Rs. 398.0,Rs. 402.9,-1.3,48960,19606022.1,404.2,-0.32,"13 June, 2024"
TAMOR,Sanima Middle Tamor Hydropower Limited,497,Rs. 409.5,Rs. 399.0,Rs. 399.0,-3.9,54968,22211232.1,402.9,-0.97,"16 June, 2024"
TAMOR,Sanima Middle Tamor Hydropower Limited,307,Rs. 404.9,Rs. 391.0,Rs. 397.0,-2.0,34850,13792077.9,399.0,-0.5,"18 June, 2024"
TAMOR,Sanima Middle Tamor Hydropower Limited,232,Rs. 400.0,Rs. 392.0,Rs. 399.0,2.0,21504,8454765.1,397.0,0.5,"19 June, 2024"
TAMOR,Sanima Middle Tamor Hydropower Limited,183,Rs. 406.9,Rs. 392.0,Rs. 395.0,-4.0,11056,4359161.0,399.0,-1.0,"20 June, 2024"
TAMOR,Sanima Middle Tamor Hydropower Limited,269,Rs. 395.0,Rs. 386.0,Rs. 390.3,-4.7,22455,8750767.2,395.0,-1.19,"23 June, 2024"
TAMOR,Sanima Middle Tamor Hydropower Limited,246,Rs. 394.7,Rs. 385.0,Rs. 390.0,-0.3,20632,8041299.0,390.3,-0.08,"24 June, 2024"
TAMOR,Sanima Middle Tamor Hydropower Limited,284,Rs. 397.8,Rs. 385.0,Rs. 389.0,-1.0,32730,12880440.4,390.0,-0.26,"25 June, 2024"
TAMOR,Sanima Middle Tamor Hydropower Limited,605,Rs. 410.0,Rs. 390.0,Rs. 405.0,16.0,70805,28600391.8,389.0,4.11,"26 June, 2024"
TAMOR,Sanima Middle Tamor Hydropower Limited,283,Rs. 408.0,Rs. 397.0,Rs. 397.6,-7.4,24442,9795351.3,405.0,-1.83,"27 June, 2024"
TAMOR,Sanima Middle Tamor Hydropower Limited,251,Rs. 405.5,Rs. 390.0,Rs. 391.9,-5.7,40001,15871981.3,397.6,-1.43,"30 June, 2024"
TAMOR,Sanima Middle Tamor Hydropower Limited,241,Rs. 395.0,Rs. 387.0,Rs. 393.0,1.1,19022,7416821.3,391.9,0.28,"01 July, 2024"
TAMOR,Sanima Middle Tamor Hydropower Limited,265,Rs. 409.0,Rs. 392.1,Rs. 400.0,7.0,36827,14712127.0,393.0,1.78,"02 July, 2024"
TAMOR,Sanima Middle Tamor Hydropower Limited,175,Rs. 400.0,Rs. 393.0,Rs. 400.0,0.0,13985,5551305.0,400.0,0.0,"03 July, 2024"
TAMOR,Sanima Middle Tamor Hydropower Limited,615,Rs. 420.0,Rs. 395.1,Rs. 408.4,8.4,90299,36907480.6,400.0,2.1,"04 July, 2024"
TAMOR,Sanima Middle Tamor Hydropower Limited,855,Rs. 428.7,Rs. 404.1,Rs. 424.0,15.6,157762,66258318.6,408.4,3.82,"07 July, 2024"
TAMOR,Sanima Middle Tamor Hydropower Limited,815,Rs. 440.0,Rs. 417.2,Rs. 431.1,7.1,113019,48626443.0,424.0,1.67,"08 July, 2024"
TAMOR,Sanima Middle Tamor Hydropower Limited,394,Rs. 439.6,Rs. 425.5,Rs. 432.0,0.9,34427,14870585.2,431.1,0.21,"09 July, 2024"
TAMOR,Sanima Middle Tamor Hydropower Limited,392,Rs. 440.0,Rs. 425.0,Rs. 430.0,-2.0,64192,27566842.8,432.0,-0.46,"10 July, 2024"
TAMOR,Sanima Middle Tamor Hydropower Limited,813,Rs. 448.9,Rs. 430.0,Rs. 445.0,15.0,114684,50689483.4,430.0,3.49,"11 July, 2024"
TAMOR,Sanima Middle Tamor Hydropower Limited,723,Rs. 461.0,Rs. 440.0,Rs. 459.9,14.9,120061,54062615.0,445.0,3.35,"14 July, 2024"
TAMOR,Sanima Middle Tamor Hydropower Limited,693,Rs. 472.0,Rs. 446.1,Rs. 469.0,19.0,104714,48602308.2,450.0,4.22,"16 July, 2024"
TAMOR,Sanima Middle Tamor Hydropower Limited,663,Rs. 474.2,Rs. 455.9,Rs. 464.9,-4.1,123165,57117043.7,469.0,-0.87,"17 July, 2024"
TAMOR,Sanima Middle Tamor Hydropower Limited,846,Rs. 474.0,Rs. 456.3,Rs. 464.0,-0.9,143914,67150725.3,464.9,-0.19,"18 July, 2024"
TAMOR,Sanima Middle Tamor Hydropower Limited,894,Rs. 495.0,Rs. 455.5,Rs. 479.0,15.0,104201,48687163.4,464.0,3.23,"21 July, 2024"
TAMOR,Sanima Middle Tamor Hydropower Limited,1505,Rs. 518.0,Rs. 470.2,Rs. 509.0,30.0,240718,119041264.9,479.0,6.26,"22 July, 2024"
TAMOR,Sanima Middle Tamor Hydropower Limited,1100,Rs. 539.0,Rs. 504.0,Rs. 522.0,13.0,122930,64623216.5,509.0,2.55,"23 July, 2024"
TAMOR,Sanima Middle Tamor Hydropower Limited,851,Rs. 520.0,Rs. 497.0,Rs. 506.0,-16.0,106510,53988937.3,522.0,-3.07,"24 July, 2024"
TAMOR,Sanima Middle Tamor Hydropower Limited,1131,Rs. 527.0,Rs. 499.9,Rs. 525.0,19.0,133538,68370663.2,506.0,3.75,"25 July, 2024"
TAMOR,Sanima Middle Tamor Hydropower Limited,1636,Rs. 570.0,Rs. 520.1,Rs. 558.0,36.0,165394,90099359.6,522.0,6.9,"30 July, 2024"
TAMOR,Sanima Middle Tamor Hydropower Limited,1258,Rs. 569.1,Rs. 536.0,Rs. 542.0,-16.0,175144,96746776.1,558.0,-2.87,"31 July, 2024"
TAMOR,Sanima Middle Tamor Hydropower Limited,1032,Rs. 537.0,Rs. 507.0,Rs. 520.0,-22.0,157062,82349033.6,542.0,-4.06,"01 August, 2024"
TAMOR,Sanima Middle Tamor Hydropower Limited,1301,Rs. 540.0,Rs. 501.0,Rs. 540.0,20.0,101094,53260257.1,520.0,3.85,"05 August, 2024"
TAMOR,Sanima Middle Tamor Hydropower Limited,1258,Rs. 553.0,Rs. 503.0,Rs. 505.0,-35.0,180277,95175250.5,540.0,-6.48,"06 August, 2024"
TAMOR,Sanima Middle Tamor Hydropower Limited,1114,Rs. 532.0,Rs. 498.0,Rs. 525.0,20.0,63723,33207083.4,505.0,3.96,"07 August, 2024"
TAMOR,Sanima Middle Tamor Hydropower Limited,748,Rs. 545.7,Rs. 515.1,Rs. 516.0,-9.0,58576,30594920.3,525.0,-1.71,"08 August, 2024"
TAMOR,Sanima Middle Tamor Hydropower Limited,1222,Rs. 531.0,Rs. 515.1,Rs. 520.0,4.0,80059,41978612.1,516.0,0.78,"11 August, 2024"
TAMOR,Sanima Middle Tamor Hydropower Limited,1709,Rs. 567.0,Rs. 525.0,Rs. 557.0,37.0,202476,111014625.9,520.0,7.12,"12 August, 2024"
TAMOR,Sanima Middle Tamor Hydropower Limited,1164,Rs. 568.1,Rs. 539.0,Rs. 551.0,-6.0,119409,66380570.3,557.0,-1.08,"13 August, 2024"
TAMOR,Sanima Middle Tamor Hydropower Limited,1163,Rs. 586.5,Rs. 540.0,Rs. 567.0,16.0,105261,58418747.5,551.0,2.9,"14 August, 2024"
TAMOR,Sanima Middle Tamor Hydropower Limited,1252,Rs. 574.0,Rs. 545.1,Rs. 546.2,-20.8,152352,84869467.6,567.0,-3.67,"15 August, 2024"
TAMOR,Sanima Middle Tamor Hydropower Limited,1064,Rs. 555.0,Rs. 515.2,Rs. 525.0,-21.2,64334,34391627.7,546.2,-3.88,"18 August, 2024"
TAMOR,Sanima Middle Tamor Hydropower Limited,1075,Rs. 535.0,Rs. 520.0,Rs. 535.0,10.0,51619,27155930.0,525.0,1.9,"21 August, 2024"
TAMOR,Sanima Middle Tamor Hydropower Limited,1118,Rs. 549.0,Rs. 515.1,Rs. 542.0,7.0,108810,58930613.6,535.0,1.31,"22 August, 2024"
TAMOR,Sanima Middle Tamor Hydropower Limited,927,Rs. 596.0,Rs. 521.1,Rs. 531.0,-11.0,108304,58852960.3,542.0,-2.03,"25 August, 2024"
TAMOR,Sanima Middle Tamor Hydropower Limited,890,Rs. 530.5,Rs. 507.1,Rs. 508.1,-22.9,52138,26956135.8,531.0,-4.31,"27 August, 2024"
TAMOR,Sanima Middle Tamor Hydropower Limited,611,Rs. 526.2,Rs. 505.0,Rs. 508.0,-0.1,32121,16512983.7,508.1,-0.02,"28 August, 2024"
TAMOR,Sanima Middle Tamor Hydropower Limited,599,Rs. 517.0,Rs. 487.0,Rs. 487.0,-1.1,35495,17538426.9,488.1,-0.23,"01 September, 2024"
TAMOR,Sanima Middle Tamor Hydropower Limited,619,Rs. 519.0,Rs. 484.0,Rs. 516.0,29.0,23381,11794640.5,487.0,5.95,"02 September, 2024"
TAMOR,Sanima Middle Tamor Hydropower Limited,309,Rs. 526.0,Rs. 505.3,Rs. 506.0,-10.0,29606,15118371.9,516.0,-1.94,"03 September, 2024"
TAMOR,Sanima Middle Tamor Hydropower Limited,333,Rs. 503.8,Rs. 481.1,Rs. 481.4,-24.6,30780,15096279.0,506.0,-4.86,"04 September, 2024"
TAMOR,Sanima Middle Tamor Hydropower Limited,240,Rs. 495.7,Rs. 474.0,Rs. 490.0,8.6,12152,5863491.4,481.4,1.79,"05 September, 2024"
TAMOR,Sanima Middle Tamor Hydropower Limited,393,Rs. 514.0,Rs. 481.6,Rs. 487.0,-3.0,21462,10621059.3,490.0,-0.61,"08 September, 2024"
TAMOR,Sanima Middle Tamor Hydropower Limited,319,Rs. 488.0,Rs. 464.0,Rs. 482.0,-5.0,33437,15902068.8,487.0,-1.03,"09 September, 2024"
TAMOR,Sanima Middle Tamor Hydropower Limited,397,Rs. 499.0,Rs. 464.1,Rs. 484.0,2.0,37110,17997833.6,482.0,0.41,"10 September, 2024"
TAMOR,Sanima Middle Tamor Hydropower Limited,275,Rs. 500.0,Rs. 475.0,Rs. 500.0,16.0,16461,7974320.5,484.0,3.31,"11 September, 2024"
TAMOR,Sanima Middle Tamor Hydropower Limited,313,Rs. 505.5,Rs. 478.0,Rs. 505.5,5.5,11278,5566177.3,500.0,1.1,"12 September, 2024"
TAMOR,Sanima Middle Tamor Hydropower Limited,300,Rs. 505.0,Rs. 485.1,Rs. 495.0,-10.5,21441,10612718.0,505.5,-2.08,"15 September, 2024"
TAMOR,Sanima Middle Tamor Hydropower Limited,239,Rs. 487.0,Rs. 452.1,Rs. 475.0,-20.0,62130,29513243.4,495.0,-4.04,"16 September, 2024"
TAMOR,Sanima Middle Tamor Hydropower Limited,285,Rs. 494.0,Rs. 450.8,Rs. 494.0,19.0,11955,5566211.3,475.0,4.0,"18 September, 2024"
TAMOR,Sanima Middle Tamor Hydropower Limited,312,Rs. 494.0,Rs. 461.0,Rs. 474.5,-19.5,29946,14126088.1,494.0,-3.95,"22 September, 2024"
TAMOR,Sanima Middle Tamor Hydropower Limited,241,Rs. 474.0,Rs. 454.0,Rs. 462.0,-12.5,19966,9182456.1,474.5,-2.63,"23 September, 2024"
TAMOR,Sanima Middle Tamor Hydropower Limited,232,Rs. 470.0,Rs. 445.6,Rs. 448.1,-13.9,34098,15464713.3,462.0,-3.01,"24 September, 2024"
TAMOR,Sanima Middle Tamor Hydropower Limited,242,Rs. 464.0,Rs. 439.2,Rs. 455.0,6.9,15017,6741316.0,448.1,1.54,"25 September, 2024"
TAMOR,Sanima Middle Tamor Hydropower Limited,194,Rs. 473.3,Rs. 449.0,Rs. 456.0,1.0,17146,7823314.0,455.0,0.22,"26 September, 2024"
TAMOR,Sanima Middle Tamor Hydropower Limited,165,Rs. 460.3,Rs. 442.1,Rs. 452.0,-4.0,6672,3022978.1,456.0,-0.88,"29 September, 2024"
TAMOR,Sanima Middle Tamor Hydropower Limited,165,Rs. 469.0,Rs. 443.2,Rs. 468.0,16.0,10531,4818933.0,452.0,3.54,"30 September, 2024"
TAMOR,Sanima Middle Tamor Hydropower Limited,291,Rs. 489.0,Rs. 460.0,Rs. 487.9,19.9,19277,9221472.4,468.0,4.25,"01 October, 2024"
TAMOR,Sanima Middle Tamor Hydropower Limited,208,Rs. 480.0,Rs. 467.0,Rs. 475.0,-12.9,20061,9466882.5,487.9,-2.64,"02 October, 2024"
TAMOR,Sanima Middle Tamor Hydropower Limited,216,Rs. 484.0,Rs. 467.0,Rs. 484.0,9.0,8305,3944829.6,475.0,1.89,"06 October, 2024"
TAMOR,Sanima Middle Tamor Hydropower Limited,150,Rs. 493.0,Rs. 475.0,Rs. 480.0,-4.0,9765,4736435.0,484.0,-0.83,"07 October, 2024"
TAMOR,Sanima Middle Tamor Hydropower Limited,102,Rs. 489.6,Rs. 465.6,Rs. 476.5,-3.5,8421,3978872.2,480.0,-0.73,"08 October, 2024"
TAMOR,Sanima Middle Tamor Hydropower Limited,49,Rs. 479.9,Rs. 469.0,Rs. 471.8,-4.7,3151,1490334.6,476.5,-0.99,"09 October, 2024"
TAMOR,Sanima Middle Tamor Hydropower Limited,93,Rs. 481.0,Rs. 464.0,Rs. 478.0,6.2,1530,724433.0,471.8,1.31,"15 October, 2024"
TAMOR,Sanima Middle Tamor Hydropower Limited,180,Rs. 497.0,Rs. 468.8,Rs. 487.0,9.0,14787,7123470.9,478.0,1.88,"16 October, 2024"
TAMOR,Sanima Middle Tamor Hydropower Limited,203,Rs. 499.0,Rs. 477.4,Rs. 490.0,3.0,16444,7987883.2,487.0,0.62,"17 October, 2024"
TAMOR,Sanima Middle Tamor Hydropower Limited,202,Rs. 490.0,Rs. 477.0,Rs. 482.0,-8.0,11585,5591972.5,490.0,-1.63,"20 October, 2024"
TAMOR,Sanima Middle Tamor Hydropower Limited,147,Rs. 483.9,Rs. 467.0,Rs. 471.0,-11.0,10085,4777328.0,482.0,-2.28,"21 October, 2024"
TAMOR,Sanima Middle Tamor Hydropower Limited,218,Rs. 490.6,Rs. 465.1,Rs. 485.0,14.0,8877,4243264.2,471.0,2.97,"22 October, 2024"
TAMOR,Sanima Middle Tamor Hydropower Limited,154,Rs. 490.0,Rs. 470.1,Rs. 480.3,-4.7,5800,2799530.0,485.0,-0.97,"23 October, 2024"
TAMOR,Sanima Middle Tamor Hydropower Limited,230,Rs. 503.9,Rs. 472.0,Rs. 487.0,6.7,15973,7814614.6,480.3,1.39,"24 October, 2024"
TAMOR,Sanima Middle Tamor Hydropower Limited,674,Rs. 515.1,Rs. 487.1,Rs. 510.0,23.0,71483,36383280.4,487.0,4.72,"27 October, 2024"
TAMOR,Sanima Middle Tamor Hydropower Limited,318,Rs. 520.1,Rs. 503.2,Rs. 517.0,7.0,33215,17142087.0,510.0,1.37,"28 October, 2024"
TAMOR,Sanima Middle Tamor Hydropower Limited,214,Rs. 527.0,Rs. 507.0,Rs. 517.0,0.0,9462,4909361.7,517.0,0.0,"29 October, 2024"
TAMOR,Sanima Middle Tamor Hydropower Limited,183,Rs. 519.0,Rs. 501.0,Rs. 508.0,-9.0,17130,8729221.0,517.0,-1.74,"30 October, 2024"
TAMOR,Sanima Middle Tamor Hydropower Limited,166,Rs. 512.0,Rs. 499.3,Rs. 505.0,-3.0,8655,4381080.0,508.0,-0.59,"05 November, 2024"
TAMOR,Sanima Middle Tamor Hydropower Limited,301,Rs. 525.0,Rs. 498.0,Rs. 525.0,20.0,29366,15149659.9,505.0,3.96,"06 November, 2024"
TAMOR,Sanima Middle Tamor Hydropower Limited,428,Rs. 537.0,Rs. 515.0,Rs. 533.0,8.0,65173,34615368.8,525.0,1.52,"10 November, 2024"
TAMOR,Sanima Middle Tamor Hydropower Limited,347,Rs. 541.0,Rs. 522.5,Rs. 530.0,-3.0,33600,17772867.5,533.0,-0.56,"11 November, 2024"
TAMOR,Sanima Middle Tamor Hydropower Limited,311,Rs. 538.7,Rs. 520.0,Rs. 531.0,1.0,20022,10591827.5,530.0,0.19,"12 November, 2024"
TAMOR,Sanima Middle Tamor Hydropower Limited,884,Rs. 565.0,Rs. 520.4,Rs. 554.0,23.0,156510,86188050.4,531.0,4.33,"13 November, 2024"
TAMOR,Sanima Middle Tamor Hydropower Limited,456,Rs. 565.0,Rs. 537.0,Rs. 541.0,-13.0,62946,34512473.9,554.0,-2.35,"14 November, 2024"
TAMOR,Sanima Middle Tamor Hydropower Limited,498,Rs. 548.0,Rs. 522.0,Rs. 524.1,-16.9,51554,27635761.3,541.0,-3.12,"17 November, 2024"
TAMOR,Sanima Middle Tamor Hydropower Limited,437,Rs. 534.0,Rs. 507.0,Rs. 517.9,-6.2,69665,36080725.3,524.1,-1.18,"19 November, 2024"
TAMOR,Sanima Middle Tamor Hydropower Limited,241,Rs. 524.0,Rs. 501.0,Rs. 519.6,1.7,15860,8203770.4,517.9,0.33,"20 November, 2024"
TAMOR,Sanima Middle Tamor Hydropower Limited,274,Rs. 525.0,Rs. 505.0,Rs. 505.0,-14.6,51593,26441197.9,519.6,-2.81,"21 November, 2024"
TAMOR,Sanima Middle Tamor Hydropower Limited,219,Rs. 513.0,Rs. 498.2,Rs. 500.0,-14.0,17484,8813549.5,514.0,-2.72,"25 November, 2024"
TAMOR,Sanima Middle Tamor Hydropower Limited,318,Rs. 520.0,Rs. 503.6,Rs. 517.0,17.0,30230,15476884.0,500.0,3.4,"26 November, 2024"
TAMOR,Sanima Middle Tamor Hydropower Limited,398,Rs. 533.0,Rs. 515.2,Rs. 530.0,13.0,42841,22543320.9,517.0,2.51,"27 November, 2024"
TAMOR,Sanima Middle Tamor Hydropower Limited,207,Rs. 530.0,Rs. 512.9,Rs. 515.0,-15.0,30086,15604796.4,530.0,-2.83,"28 November, 2024"
TAMOR,Sanima Middle Tamor Hydropower Limited,237,Rs. 510.1,Rs. 497.1,Rs. 507.0,-8.0,35443,17909143.4,515.0,-1.55,"01 December, 2024"
TAMOR,Sanima Middle Tamor Hydropower Limited,400,Rs. 517.0,Rs. 501.0,Rs. 509.0,2.0,42684,21730735.1,507.0,0.39,"02 December, 2024"
TAMOR,Sanima Middle Tamor Hydropower Limited,402,Rs. 528.0,Rs. 504.1,Rs. 513.0,4.0,58350,29941727.2,509.0,0.79,"03 December, 2024"
TAMOR,Sanima Middle Tamor Hydropower Limited,1012,Rs. 553.0,Rs. 508.1,Rs. 537.0,24.0,207388,111821104.4,513.0,4.68,"04 December, 2024"
TAMOR,Sanima Middle Tamor Hydropower Limited,1369,Rs. 582.0,Rs. 533.0,Rs. 566.5,29.5,241571,135952942.5,537.0,5.49,"05 December, 2024"
TAMOR,Sanima Middle Tamor Hydropower Limited,617,Rs. 572.0,Rs. 534.7,Rs. 535.0,-31.5,120167,65832683.3,566.5,-5.56,"08 December, 2024"
TAMOR,Sanima Middle Tamor Hydropower Limited,347,Rs. 549.0,Rs. 529.8,Rs. 537.0,2.0,42339,22760556.1,535.0,0.37,"09 December, 2024"
TAMOR,Sanima Middle Tamor Hydropower Limited,242,Rs. 547.0,Rs. 522.5,Rs. 525.0,-12.0,39860,21041911.5,537.0,-2.23,"10 December, 2024"
TAMOR,Sanima Middle Tamor Hydropower Limited,359,Rs. 540.0,Rs. 526.1,Rs. 538.0,13.0,53688,28688366.6,525.0,2.48,"11 December, 2024"
TAMOR,Sanima Middle Tamor Hydropower Limited,363,Rs. 544.8,Rs. 524.0,Rs. 532.0,-6.0,53017,28418144.5,538.0,-1.12,"12 December, 2024"
TAMOR,Sanima Middle Tamor Hydropower Limited,262,Rs. 532.7,Rs. 510.1,Rs. 514.0,-18.0,50483,26049155.0,532.0,-3.38,"16 December, 2024"
TAMOR,Sanima Middle Tamor Hydropower Limited,296,Rs. 529.0,Rs. 510.0,Rs. 516.0,2.0,38134,19752336.0,514.0,0.39,"17 December, 2024"
TAMOR,Sanima Middle Tamor Hydropower Limited,292,Rs. 533.0,Rs. 513.7,Rs. 513.7,-2.3,55660,29243806.2,516.0,-0.45,"18 December, 2024"
TAMOR,Sanima Middle Tamor Hydropower Limited,274,Rs. 520.0,Rs. 498.0,Rs. 500.0,-13.7,39279,19803874.1,513.7,-2.67,"19 December, 2024"
TAMOR,Sanima Middle Tamor Hydropower Limited,290,Rs. 518.0,Rs. 496.0,Rs. 512.0,12.0,28230,14349436.6,500.0,2.4,"22 December, 2024"
TAMOR,Sanima Middle Tamor Hydropower Limited,240,Rs. 522.9,Rs. 505.3,Rs. 522.9,10.9,17383,8932542.2,512.0,2.13,"23 December, 2024"
TAMOR,Sanima Middle Tamor Hydropower Limited,248,Rs. 526.0,Rs. 510.5,Rs. 514.0,-8.9,28296,14656229.4,522.9,-1.7,"24 December, 2024"
TAMOR,Sanima Middle Tamor Hydropower Limited,225,Rs. 516.0,Rs. 503.0,Rs. 507.0,-7.0,22605,11440799.4,514.0,-1.36,"26 December, 2024"
TAMOR,Sanima Middle Tamor Hydropower Limited,343,Rs. 510.0,Rs. 490.0,Rs. 495.2,-11.8,46121,22965333.2,507.0,-2.33,"29 December, 2024"
TAMOR,Sanima Middle Tamor Hydropower Limited,273,Rs. 496.0,Rs. 478.0,Rs. 490.6,-4.6,47060,22810422.1,495.2,-0.93,"31 December, 2024"
TAMOR,Sanima Middle Tamor Hydropower Limited,141,Rs. 496.9,Rs. 484.4,Rs. 490.0,-0.6,19873,9677035.1,490.6,-0.12,"01 January, 2025"
TAMOR,Sanima Middle Tamor Hydropower Limited,217,Rs. 509.0,Rs. 490.0,Rs. 500.0,10.0,23441,11686558.5,490.0,2.04,"02 January, 2025"
TAMOR,Sanima Middle Tamor Hydropower Limited,421,Rs. 514.0,Rs. 492.0,Rs. 513.0,13.0,74538,37409600.1,500.0,2.6,"05 January, 2025"
TAMOR,Sanima Middle Tamor Hydropower Limited,644,Rs. 530.0,Rs. 512.0,Rs. 528.0,15.0,159651,83177283.3,513.0,2.92,"06 January, 2025"
TAMOR,Sanima Middle Tamor Hydropower Limited,279,Rs. 533.0,Rs. 518.0,Rs. 521.0,-7.0,42858,22376201.0,528.0,-1.33,"07 January, 2025"
TAMOR,Sanima Middle Tamor Hydropower Limited,394,Rs. 530.0,Rs. 513.0,Rs. 517.0,-4.0,71552,37307151.6,521.0,-0.77,"08 January, 2025"
TAMOR,Sanima Middle Tamor Hydropower Limited,314,Rs. 527.1,Rs. 514.0,Rs. 520.0,3.0,46512,24076735.5,517.0,0.58,"09 January, 2025"
TAMOR,Sanima Middle Tamor Hydropower Limited,314,Rs. 550.0,Rs. 510.4,Rs. 540.0,20.0,55691,29577955.5,520.0,3.85,"12 January, 2025"
TAMOR,Sanima Middle Tamor Hydropower Limited,853,Rs. 568.0,Rs. 532.0,Rs. 538.1,-1.9,237427,129982397.5,540.0,-0.35,"13 January, 2025"
TAMOR,Sanima Middle Tamor Hydropower Limited,866,Rs. 558.9,Rs. 542.2,Rs. 551.0,12.9,113658,62804992.6,538.1,2.4,"15 January, 2025"
TAMOR,Sanima Middle Tamor Hydropower Limited,1037,Rs. 589.5,Rs. 545.2,Rs. 569.0,18.0,252098,144251456.6,551.0,3.27,"16 January, 2025"
TAMOR,Sanima Middle Tamor Hydropower Limited,1286,Rs. 596.0,Rs. 566.0,Rs. 594.1,25.1,259543,151530236.9,569.0,4.41,"19 January, 2025"
TAMOR,Sanima Middle Tamor Hydropower Limited,833,Rs. 605.8,Rs. 579.0,Rs. 584.0,-10.1,159984,94041881.4,594.1,-1.7,"20 January, 2025"
TAMOR,Sanima Middle Tamor Hydropower Limited,624,Rs. 587.8,Rs. 568.0,Rs. 570.0,-14.0,118604,68020646.0,584.0,-2.4,"21 January, 2025"
TAMOR,Sanima Middle Tamor Hydropower Limited,1210,Rs. 605.0,Rs. 566.7,Rs. 600.0,30.0,284715,168314829.8,570.0,5.26,"22 January, 2025"
TAMOR,Sanima Middle Tamor Hydropower Limited,798,Rs. 613.0,Rs. 595.2,Rs. 600.0,0.0,123780,74686509.7,600.0,0.0,"23 January, 2025"
TAMOR,Sanima Middle Tamor Hydropower Limited,978,Rs. 614.0,Rs. 596.0,Rs. 605.1,5.1,173684,105102413.6,600.0,0.85,"26 January, 2025"
TAMOR,Sanima Middle Tamor Hydropower Limited,766,Rs. 630.0,Rs. 599.1,Rs. 613.0,7.9,146203,88981564.1,605.1,1.31,"27 January, 2025"
TAMOR,Sanima Middle Tamor Hydropower Limited,581,Rs. 618.0,Rs. 601.0,Rs. 601.4,-11.6,96506,58935204.5,613.0,-1.89,"28 January, 2025"
TAMOR,Sanima Middle Tamor Hydropower Limited,744,Rs. 637.0,Rs. 599.8,Rs. 602.0,0.6,157442,95158041.4,601.4,0.1,"02 February, 2025"
TAMOR,Sanima Middle Tamor Hydropower Limited,807,Rs. 602.0,Rs. 575.0,Rs. 577.0,-25.0,152546,89218126.0,602.0,-4.15,"03 February, 2025"
TAMOR,Sanima Middle Tamor Hydropower Limited,571,Rs. 594.0,Rs. 565.5,Rs. 570.0,-7.0,94117,54311172.2,577.0,-1.21,"04 February, 2025"
TAMOR,Sanima Middle Tamor Hydropower Limited,593,Rs. 586.5,Rs. 562.0,Rs. 580.5,10.5,113998,65754588.8,570.0,1.84,"05 February, 2025"
TAMOR,Sanima Middle Tamor Hydropower Limited,457,Rs. 592.1,Rs. 567.0,Rs. 570.0,-10.5,58739,33749165.5,580.5,-1.81,"06 February, 2025"
TAMOR,Sanima Middle Tamor Hydropower Limited,656,Rs. 588.0,Rs. 563.0,Rs. 569.0,-1.0,108332,62306338.5,570.0,-0.18,"09 February, 2025"
TAMOR,Sanima Middle Tamor Hydropower Limited,449,Rs. 573.0,Rs. 553.0,Rs. 556.9,-12.1,64944,36287066.1,569.0,-2.13,"10 February, 2025"
TAMOR,Sanima Middle Tamor Hydropower Limited,359,Rs. 568.0,Rs. 552.1,Rs. 562.1,5.2,43208,24257386.2,556.9,0.93,"11 February, 2025"
TAMOR,Sanima Middle Tamor Hydropower Limited,1212,Rs. 596.0,Rs. 562.0,Rs. 586.8,24.7,255630,149431478.9,562.1,4.39,"12 February, 2025"
TAMOR,Sanima Middle Tamor Hydropower Limited,586,Rs. 594.0,Rs. 580.0,Rs. 580.0,-6.8,99154,58099349.9,586.8,-1.16,"13 February, 2025"
TAMOR,Sanima Middle Tamor Hydropower Limited,533,Rs. 585.0,Rs. 575.0,Rs. 577.4,-2.6,88191,51146501.6,580.0,-0.45,"16 February, 2025"
TAMOR,Sanima Middle Tamor Hydropower Limited,485,Rs. 586.0,Rs. 572.6,Rs. 573.1,-4.3,82497,47797975.6,577.4,-0.74,"17 February, 2025"
TAMOR,Sanima Middle Tamor Hydropower Limited,528,Rs. 583.5,Rs. 565.5,Rs. 570.0,-3.1,83372,47858056.0,573.1,-0.54,"18 February, 2025"
TAMOR,Sanima Middle Tamor Hydropower Limited,473,Rs. 580.0,Rs. 560.0,Rs. 574.0,4.0,70308,40154400.4,570.0,0.7,"20 February, 2025"
TAMOR,Sanima Middle Tamor Hydropower Limited,456,Rs. 575.9,Rs. 554.1,Rs. 568.0,-6.0,68349,38920803.2,574.0,-1.05,"23 February, 2025"
TAMOR,Sanima Middle Tamor Hydropower Limited,534,Rs. 584.0,Rs. 560.0,Rs. 566.0,-2.0,71933,41154029.3,568.0,-0.35,"24 February, 2025"
TAMOR,Sanima Middle Tamor Hydropower Limited,526,Rs. 575.0,Rs. 559.0,Rs. 560.0,-6.0,59909,33891343.6,566.0,-1.06,"25 February, 2025"
TAMOR,Sanima Middle Tamor Hydropower Limited,541,Rs. 580.0,Rs. 560.0,Rs. 578.0,18.0,46966,26872313.8,560.0,3.21,"27 February, 2025"
TAMOR,Sanima Middle Tamor Hydropower Limited,605,Rs. 589.5,Rs. 576.0,Rs. 581.0,3.0,63721,36914758.8,578.0,0.52,"02 March, 2025"
TAMOR,Sanima Middle Tamor Hydropower Limited,598,Rs. 592.6,Rs. 573.0,Rs. 574.0,-7.0,61346,35535420.6,581.0,-1.2,"03 March, 2025"
TAMOR,Sanima Middle Tamor Hydropower Limited,478,Rs. 579.0,Rs. 565.5,Rs. 570.9,-3.1,45509,26039109.3,574.0,-0.54,"04 March, 2025"
TAMOR,Sanima Middle Tamor Hydropower Limited,493,Rs. 576.9,Rs. 563.0,Rs. 574.0,3.1,64932,36892304.1,570.9,0.54,"05 March, 2025"
TAMOR,Sanima Middle Tamor Hydropower Limited,413,Rs. 575.0,Rs. 569.0,Rs. 572.9,-1.1,46450,26557880.9,574.0,-0.19,"06 March, 2025"
TAMOR,Sanima Middle Tamor Hydropower Limited,423,Rs. 579.0,Rs. 561.7,Rs. 563.0,-9.9,50421,28585576.8,572.9,-1.73,"09 March, 2025"
TAMOR,Sanima Middle Tamor Hydropower Limited,488,Rs. 566.0,Rs. 556.0,Rs. 560.0,-3.0,36406,20419810.5,563.0,-0.53,"10 March, 2025"
TAMOR,Sanima Middle Tamor Hydropower Limited,384,Rs. 570.0,Rs. 544.0,Rs. 544.0,-16.0,37857,20891170.9,560.0,-2.86,"11 March, 2025"
TAMOR,Sanima Middle Tamor Hydropower Limited,354,Rs. 550.0,Rs. 535.0,Rs. 548.0,4.0,51183,27804169.5,544.0,0.74,"12 March, 2025"
TAMOR,Sanima Middle Tamor Hydropower Limited,297,Rs. 550.8,Rs. 530.1,Rs. 536.0,-12.0,24153,12931304.7,548.0,-2.19,"16 March, 2025"
TAMOR,Sanima Middle Tamor Hydropower Limited,229,Rs. 544.0,Rs. 526.2,Rs. 535.0,-1.0,15107,8061240.3,536.0,-0.19,"17 March, 2025"
TAMOR,Sanima Middle Tamor Hydropower Limited,201,Rs. 544.0,Rs. 526.0,Rs. 532.9,-2.1,11250,5999890.5,535.0,-0.39,"18 March, 2025"
TAMOR,Sanima Middle Tamor Hydropower Limited,196,Rs. 535.0,Rs. 522.2,Rs. 524.0,-8.9,18116,9554755.7,532.9,-1.67,"19 March, 2025"
TAMOR,Sanima Middle Tamor Hydropower Limited,189,Rs. 530.9,Rs. 520.0,Rs. 523.01,-0.99,10826,5675881.2,524.0,-0.19,"20 March, 2025"
TAMOR,Sanima Middle Tamor Hydropower Limited,277,Rs. 523.1,Rs. 509.0,Rs. 509.45,-13.56,29664,15193828.2,523.01,-2.59,"23 March, 2025"
TAMOR,Sanima Middle Tamor Hydropower Limited,215,Rs. 520.0,Rs. 505.0,Rs. 514.89,5.44,15806,8096196.3,509.45,1.07,"24 March, 2025"
TAMOR,Sanima Middle Tamor Hydropower Limited,223,Rs. 511.0,Rs. 495.0,Rs. 499.48,-15.41,26726,13402604.1,514.89,-2.99,"25 March, 2025"
TAMOR,Sanima Middle Tamor Hydropower Limited,160,Rs. 510.0,Rs. 495.0,Rs. 507.07,7.59,9457,4783151.0,499.48,1.52,"26 March, 2025"
TAMOR,Sanima Middle Tamor Hydropower Limited,213,Rs. 515.0,Rs. 507.0,Rs. 513.37,6.3,14729,7541556.8,507.07,1.24,"27 March, 2025"
TAMOR,Sanima Middle Tamor Hydropower Limited,375,Rs. 528.8,Rs. 515.0,Rs. 522.41,9.04,46581,24308791.4,513.37,1.76,"30 March, 2025"
TAMOR,Sanima Middle Tamor Hydropower Limited,217,Rs. 524.0,Rs. 513.1,Rs. 519.48,-2.93,23676,12258320.8,522.41,-0.56,"01 April, 2025"
TAMOR,Sanima Middle Tamor Hydropower Limited,239,Rs. 529.0,Rs. 513.1,Rs. 521.05,1.57,28719,14938329.1,519.48,0.3,"02 April, 2025"
TAMOR,Sanima Middle Tamor Hydropower Limited,204,Rs. 525.5,Rs. 516.2,Rs. 518.64,-2.41,21768,11290338.9,521.05,-0.46,"03 April, 2025"
TAMOR,Sanima Middle Tamor Hydropower Limited,172,Rs. 517.0,Rs. 512.0,Rs. 512.92,-5.72,11305,5805102.0,518.64,-1.1,"07 April, 2025"
TAMOR,Sanima Middle Tamor Hydropower Limited,148,Rs. 512.9,Rs. 503.4,Rs. 510.48,-2.44,12648,6413024.0,512.92,-0.48,"08 April, 2025"
TAMOR,Sanima Middle Tamor Hydropower Limited,187,Rs. 525.0,Rs. 516.0,Rs. 517.6,7.12,17597,9118597.2,510.48,1.39,"09 April, 2025"
TAMOR,Sanima Middle Tamor Hydropower Limited,224,Rs. 525.0,Rs. 512.1,Rs. 524.06,6.46,19969,10411926.3,517.6,1.25,"10 April, 2025"
TAMOR,Sanima Middle Tamor Hydropower Limited,222,Rs. 527.9,Rs. 520.0,Rs. 524.75,0.69,23776,12455391.6,524.06,0.13,"13 April, 2025"
TAMOR,Sanima Middle Tamor Hydropower Limited,235,Rs. 536.0,Rs. 521.0,Rs. 533.31,8.56,21853,11601319.0,524.75,1.63,"15 April, 2025"
TAMOR,Sanima Middle Tamor Hydropower Limited,219,Rs. 540.0,Rs. 528.5,Rs. 536.31,3.0,15734,8393373.7,533.31,0.56,"16 April, 2025"
TAMOR,Sanima Middle Tamor Hydropower Limited,313,Rs. 546.9,Rs. 531.0,Rs. 542.17,5.86,23863,12898747.2,536.31,1.09,"17 April, 2025"
TAMOR,Sanima Middle Tamor Hydropower Limited,198,Rs. 550.0,Rs. 535.0,Rs. 535.04,-7.13,13738,7406424.2,542.17,-1.32,"20 April, 2025"
TAMOR,Sanima Middle Tamor Hydropower Limited,157,Rs. 543.0,Rs. 529.0,Rs. 530.77,-4.27,7782,4146019.0,535.04,-0.8,"21 April, 2025"
TAMOR,Sanima Middle Tamor Hydropower Limited,158,Rs. 540.0,Rs. 525.2,Rs. 525.92,-4.85,14918,7867165.6,530.77,-0.91,"22 April, 2025"
TAMOR,Sanima Middle Tamor Hydropower Limited,123,Rs. 526.0,Rs. 517.0,Rs. 518.94,-6.98,8047,4183325.0,525.92,-1.33,"23 April, 2025"
TAMOR,Sanima Middle Tamor Hydropower Limited,158,Rs. 519.9,Rs. 511.0,Rs. 518.25,-0.69,16503,8508383.2,518.94,-0.13,"24 April, 2025"
TAMOR,Sanima Middle Tamor Hydropower Limited,225,Rs. 528.6,Rs. 516.0,Rs. 519.99,1.74,40722,21276124.3,518.25,0.34,"27 April, 2025"
TAMOR,Sanima Middle Tamor Hydropower Limited,153,Rs. 530.0,Rs. 510.1,Rs. 510.3,-9.69,18324,9417677.1,519.99,-1.86,"28 April, 2025"
TAMOR,Sanima Middle Tamor Hydropower Limited,136,Rs. 530.0,Rs. 509.5,Rs. 509.84,-0.46,14704,7507136.9,510.3,-0.09,"29 April, 2025"
TAMOR,Sanima Middle Tamor Hydropower Limited,192,Rs. 520.0,Rs. 500.0,Rs. 507.57,-2.27,16510,8430146.7,509.84,-0.45,"30 April, 2025"
TAMOR,Sanima Middle Tamor Hydropower Limited,209,Rs. 513.0,Rs. 501.0,Rs. 503.49,-4.08,22947,11579485.7,507.57,-0.8,"04 May, 2025"
TAMOR,Sanima Middle Tamor Hydropower Limited,170,Rs. 513.5,Rs. 499.0,Rs. 499.84,-3.65,11425,5722410.1,503.49,-0.72,"05 May, 2025"
TAMOR,Sanima Middle Tamor Hydropower Limited,253,Rs. 520.1,Rs. 500.0,Rs. 514.57,14.73,21714,11079909.9,499.84,2.95,"06 May, 2025"
TAMOR,Sanima Middle Tamor Hydropower Limited,444,Rs. 543.0,Rs. 505.0,Rs. 539.96,25.39,81079,43199158.7,514.57,4.93,"07 May, 2025"
TAMOR,Sanima Middle Tamor Hydropower Limited,231,Rs. 544.0,Rs. 531.0,Rs. 534.77,-5.19,18092,9735882.7,539.96,-0.96,"08 May, 2025"
TAMOR,Sanima Middle Tamor Hydropower Limited,234,Rs. 535.0,Rs. 509.0,Rs. 514.12,-20.65,23428,12243025.9,534.77,-3.86,"11 May, 2025"
TAMOR,Sanima Middle Tamor Hydropower Limited,187,Rs. 523.0,Rs. 510.0,Rs. 513.68,-0.44,12740,6528471.2,514.12,-0.09,"13 May, 2025"
TAMOR,Sanima Middle Tamor Hydropower Limited,175,Rs. 522.0,Rs. 504.1,Rs. 507.23,-6.45,12212,6206808.1,513.68,-1.26,"14 May, 2025"
TAMOR,Sanima Middle Tamor Hydropower Limited,209,Rs. 513.0,Rs. 501.0,Rs. 504.95,-2.28,16224,8185239.6,507.23,-0.45,"15 May, 2025"
TAMOR,Sanima Middle Tamor Hydropower Limited,205,Rs. 510.0,Rs. 499.1,Rs. 500.29,-4.66,14943,7514228.2,504.95,-0.92,"18 May, 2025"
TAMOR,Sanima Middle Tamor Hydropower Limited,234,Rs. 510.2,Rs. 499.1,Rs. 501.76,1.47,20053,10056010.4,500.29,0.29,"19 May, 2025"
TAMOR,Sanima Middle Tamor Hydropower Limited,281,Rs. 525.0,Rs. 500.0,Rs. 520.34,18.58,25704,13092893.9,501.76,3.7,"20 May, 2025"
TAMOR,Sanima Middle Tamor Hydropower Limited,229,Rs. 542.0,Rs. 513.1,Rs. 514.94,-5.4,27527,14371856.9,520.34,-1.04,"21 May, 2025"
TAMOR,Sanima Middle Tamor Hydropower Limited,164,Rs. 519.0,Rs. 504.0,Rs. 504.69,-10.25,18573,9466301.6,514.94,-1.99,"22 May, 2025"
TAMOR,Sanima Middle Tamor Hydropower Limited,253,Rs. 509.9,Rs. 493.2,Rs. 505.63,0.94,26475,13245921.9,504.69,0.19,"25 May, 2025"
TAMOR,Sanima Middle Tamor Hydropower Limited,189,Rs. 526.0,Rs. 503.1,Rs. 507.26,1.63,16413,8353646.2,505.63,0.32,"26 May, 2025"
TAMOR,Sanima Middle Tamor Hydropower Limited,194,Rs. 510.0,Rs. 500.0,Rs. 502.79,-4.47,27094,13644071.8,507.26,-0.88,"27 May, 2025"
TAMOR,Sanima Middle Tamor Hydropower Limited,202,Rs. 512.5,Rs. 499.1,Rs. 504.91,2.12,17155,8664425.6,502.79,0.42,"28 May, 2025"
TAMOR,Sanima Middle Tamor Hydropower Limited,237,Rs. 514.0,Rs. 501.7,Rs. 503.83,-1.08,14788,7468515.4,504.91,-0.21,"02 June, 2025"
TAMOR,Sanima Middle Tamor Hydropower Limited,171,Rs. 513.0,Rs. 497.0,Rs. 497.82,-6.01,12048,6010629.0,503.83,-1.19,"03 June, 2025"
TAMOR,Sanima Middle Tamor Hydropower Limited,195,Rs. 507.0,Rs. 489.0,Rs. 489.75,-8.07,23234,11444567.6,497.82,-1.62,"04 June, 2025"
TAMOR,Sanima Middle Tamor Hydropower Limited,230,Rs. 499.5,Rs. 485.0,Rs. 488.6,-1.15,30507,14972926.0,489.75,-0.23,"05 June, 2025"
TAMOR,Sanima Middle Tamor Hydropower Limited,208,Rs. 497.3,Rs. 481.2,Rs. 487.19,-1.41,13684,6671571.0,488.6,-0.29,"08 June, 2025"
TAMOR,Sanima Middle Tamor Hydropower Limited,260,Rs. 504.8,Rs. 485.0,Rs. 500.76,13.57,19623,9788544.5,487.19,2.79,"09 June, 2025"
TAMOR,Sanima Middle Tamor Hydropower Limited,293,Rs. 517.0,Rs. 500.0,Rs. 507.2,6.44,34327,17511288.5,500.76,1.29,"10 June, 2025"
TAMOR,Sanima Middle Tamor Hydropower Limited,211,Rs. 515.0,Rs. 501.0,Rs. 512.29,5.09,14636,7447063.9,507.2,1.0,"11 June, 2025"
TAMOR,Sanima Middle Tamor Hydropower Limited,498,Rs. 540.0,Rs. 517.0,Rs. 523.3,11.01,96870,51046394.6,512.29,2.15,"12 June, 2025"
TAMOR,Sanima Middle Tamor Hydropower Limited,934,Rs. 563.0,Rs. 520.0,Rs. 559.88,36.58,164269,90076546.1,523.3,6.99,"15 June, 2025"
TAMOR,Sanima Middle Tamor Hydropower Limited,747,Rs. 571.0,Rs. 535.0,Rs. 538.19,-21.69,135957,75131785.2,559.88,-3.87,"16 June, 2025"
TAMOR,Sanima Middle Tamor Hydropower Limited,270,Rs. 548.0,Rs. 522.0,Rs. 531.11,-7.08,28379,15043072.5,538.19,-1.32,"17 June, 2025"
TAMOR,Sanima Middle Tamor Hydropower Limited,237,Rs. 538.0,Rs. 526.4,Rs. 528.51,-2.6,28593,15159546.3,531.11,-0.49,"18 June, 2025"
TAMOR,Sanima Middle Tamor Hydropower Limited,260,Rs. 539.0,Rs. 520.0,Rs. 521.3,-7.21,40602,21337908.0,528.51,-1.36,"19 June, 2025"
TAMOR,Sanima Middle Tamor Hydropower Limited,223,Rs. 519.0,Rs. 501.3,Rs. 502.56,-18.74,29479,15010018.7,521.3,-3.59,"22 June, 2025"
TAMOR,Sanima Middle Tamor Hydropower Limited,243,Rs. 540.0,Rs. 503.0,Rs. 520.88,18.32,33979,17584256.4,502.56,3.65,"23 June, 2025"
TAMOR,Sanima Middle Tamor Hydropower Limited,161,Rs. 531.0,Rs. 511.2,Rs. 513.88,-7.0,18299,9497942.4,520.88,-1.34,"24 June, 2025"
TAMOR,Sanima Middle Tamor Hydropower Limited,169,Rs. 523.0,Rs. 503.7,Rs. 514.26,0.38,14916,7631430.6,513.88,0.07,"25 June, 2025"
TAMOR,Sanima Middle Tamor Hydropower Limited,305,Rs. 538.0,Rs. 507.1,Rs. 512.08,-2.18,57850,30021439.8,514.26,-0.42,"26 June, 2025"
TAMOR,Sanima Middle Tamor Hydropower Limited,264,Rs. 527.0,Rs. 511.0,Rs. 524.18,12.1,22892,11931090.4,512.08,2.36,"29 June, 2025"
TAMOR,Sanima Middle Tamor Hydropower Limited,165,Rs. 533.9,Rs. 511.1,Rs. 513.4,-10.78,26808,13924073.1,524.18,-2.06,"30 June, 2025"
TAMOR,Sanima Middle Tamor Hydropower Limited,216,Rs. 530.0,Rs. 510.0,Rs. 520.91,7.51,19787,10318950.6,513.4,1.46,"01 July, 2025"
TAMOR,Sanima Middle Tamor Hydropower Limited,270,Rs. 535.0,Rs. 512.0,Rs. 515.38,-5.53,47160,24623518.5,520.91,-1.06,"02 July, 2025"
TAMOR,Sanima Middle Tamor Hydropower Limited,271,Rs. 525.0,Rs. 512.3,Rs. 514.25,-1.13,36463,18867859.1,515.38,-0.22,"03 July, 2025"
TAMOR,Sanima Middle Tamor Hydropower Limited,218,Rs. 522.0,Rs. 510.0,Rs. 510.71,-3.54,17020,8744387.0,514.25,-0.69,"06 July, 2025"
TAMOR,Sanima Middle Tamor Hydropower Limited,208,Rs. 517.0,Rs. 505.2,Rs. 505.47,-5.24,23312,11834297.6,510.71,-1.03,"07 July, 2025"
TAMOR,Sanima Middle Tamor Hydropower Limited,228,Rs. 509.9,Rs. 495.5,Rs. 505.57,0.1,22871,11543657.0,505.47,0.02,"08 July, 2025"
TAMOR,Sanima Middle Tamor Hydropower Limited,251,Rs. 524.0,Rs. 504.5,Rs. 505.4,-0.17,36048,18271987.8,505.57,-0.03,"09 July, 2025"
TAMOR,Sanima Middle Tamor Hydropower Limited,222,Rs. 515.0,Rs. 504.2,Rs. 505.8,0.4,21832,11061661.6,505.4,0.08,"10 July, 2025"
TAMOR,Sanima Middle Tamor Hydropower Limited,218,Rs. 520.0,Rs. 506.0,Rs. 506.28,0.48,19320,9811100.5,505.8,0.09,"13 July, 2025"
TAMOR,Sanima Middle Tamor Hydropower Limited,215,Rs. 513.0,Rs. 505.0,Rs. 506.0,-0.28,28689,14580911.2,506.28,-0.06,"14 July, 2025"
TAMOR,Sanima Middle Tamor Hydropower Limited,267,Rs. 523.0,Rs. 506.1,Rs. 520.14,14.14,37854,19610845.1,506.0,2.79,"15 July, 2025"
TAMOR,Sanima Middle Tamor Hydropower Limited,206,Rs. 527.0,Rs. 517.0,Rs. 517.53,-2.61,48998,25537492.5,520.14,-0.5,"16 July, 2025"
TAMOR,Sanima Middle Tamor Hydropower Limited,295,Rs. 535.0,Rs. 521.0,Rs. 529.71,12.18,32062,16963262.2,517.53,2.35,"17 July, 2025"
TAMOR,Sanima Middle Tamor Hydropower Limited,337,Rs. 540.0,Rs. 525.1,Rs. 525.78,-3.93,44713,23838033.3,529.71,-0.74,"20 July, 2025"
TAMOR,Sanima Middle Tamor Hydropower Limited,267,Rs. 532.0,Rs. 520.1,Rs. 529.09,3.31,22855,12022224.2,525.78,0.63,"21 July, 2025"
TAMOR,Sanima Middle Tamor Hydropower Limited,616,Rs. 541.0,Rs. 523.0,Rs. 539.32,10.23,66047,35156889.2,529.09,1.93,"22 July, 2025"
TAMOR,Sanima Middle Tamor Hydropower Limited,517,Rs. 550.0,Rs. 530.2,Rs. 543.95,4.63,50560,27305159.1,539.32,0.86,"23 July, 2025"
TAMOR,Sanima Middle Tamor Hydropower Limited,837,Rs. 571.0,Rs. 540.0,Rs. 565.0,21.05,112588,62906590.5,543.95,3.87,"24 July, 2025"
TAMOR,Sanima Middle Tamor Hydropower Limited,645,Rs. 576.0,Rs. 545.0,Rs. 548.74,-16.26,107446,60386813.1,565.0,-2.88,"27 July, 2025"
TAMOR,Sanima Middle Tamor Hydropower Limited,439,Rs. 547.0,Rs. 535.0,Rs. 540.71,-8.03,35924,19424489.4,548.74,-1.46,"28 July, 2025"
TAMOR,Sanima Middle Tamor Hydropower Limited,566,Rs. 563.8,Rs. 539.0,Rs. 544.3,-0.08,55030,30189441.8,544.38,-0.01,"29 July, 2025"
TAMOR,Sanima Middle Tamor Hydropower Limited,444,Rs. 548.0,Rs. 527.3,Rs. 530.26,-14.04,60646,32665267.9,544.3,-2.58,"30 July, 2025"
TAMOR,Sanima Middle Tamor Hydropower Limited,365,Rs. 538.0,Rs. 522.0,Rs. 523.47,-6.79,33327,17561054.8,530.26,-1.28,"31 July, 2025"
TAMOR,Sanima Middle Tamor Hydropower Limited,357,Rs. 525.0,Rs. 513.0,Rs. 514.3,-9.17,31585,16302609.4,523.47,-1.75,"03 August, 2025"
TAMOR,Sanima Middle Tamor Hydropower Limited,288,Rs. 523.9,Rs. 511.0,Rs. 516.07,1.77,19375,9990370.1,514.3,0.34,"04 August, 2025"
TAMOR,Sanima Middle Tamor Hydropower Limited,244,Rs. 521.0,Rs. 511.1,Rs. 513.52,-2.55,16048,8294465.2,516.07,-0.49,"05 August, 2025"
TAMOR,Sanima Middle Tamor Hydropower Limited,229,Rs. 520.0,Rs. 508.0,Rs. 513.23,-0.29,11712,6005649.7,513.52,-0.06,"06 August, 2025"
TAMOR,Sanima Middle Tamor Hydropower Limited,264,Rs. 522.0,Rs. 508.2,Rs. 515.61,2.38,19002,9810814.9,513.23,0.46,"07 August, 2025"
TAMOR,Sanima Middle Tamor Hydropower Limited,268,Rs. 525.9,Rs. 510.0,Rs. 510.42,-5.19,19712,10148672.5,515.61,-1.01,"11 August, 2025"
TAMOR,Sanima Middle Tamor Hydropower Limited,248,Rs. 512.0,Rs. 505.0,Rs. 505.56,-4.86,19864,10059670.0,510.42,-0.95,"12 August, 2025"
TAMOR,Sanima Middle Tamor Hydropower Limited,216,Rs. 514.0,Rs. 500.5,Rs. 509.97,4.41,7395,3767965.5,505.56,0.87,"13 August, 2025"
TAMOR,Sanima Middle Tamor Hydropower Limited,239,Rs. 519.9,Rs. 512.0,Rs. 514.74,4.77,20944,10779825.6,509.97,0.94,"14 August, 2025"
TAMOR,Sanima Middle Tamor Hydropower Limited,242,Rs. 524.9,Rs. 514.5,Rs. 516.1,1.36,13936,7203303.8,514.74,0.26,"17 August, 2025"
TAMOR,Sanima Middle Tamor Hydropower Limited,224,Rs. 520.6,Rs. 515.0,Rs. 518.68,2.58,13900,7193006.5,516.1,0.5,"18 August, 2025"
TAMOR,Sanima Middle Tamor Hydropower Limited,250,Rs. 526.0,Rs. 517.0,Rs. 523.37,4.69,17288,9053581.5,518.68,0.9,"19 August, 2025"
TAMOR,Sanima Middle Tamor Hydropower Limited,131,Rs. 523.0,Rs. 515.3,Rs. 515.87,-7.5,8470,4393081.6,523.37,-1.43,"20 August, 2025"
TAMOR,Sanima Middle Tamor Hydropower Limited,186,Rs. 520.0,Rs. 509.0,Rs. 509.67,-6.2,14238,7287610.4,515.87,-1.2,"21 August, 2025"
TAMOR,Sanima Middle Tamor Hydropower Limited,151,Rs. 511.0,Rs. 505.2,Rs. 507.12,-2.55,9503,4826927.3,509.67,-0.5,"24 August, 2025"
TAMOR,Sanima Middle Tamor Hydropower Limited,133,Rs. 514.0,Rs. 503.2,Rs. 508.93,1.81,7901,4010928.0,507.12,0.36,"25 August, 2025"
TAMOR,Sanima Middle Tamor Hydropower Limited,114,Rs. 512.5,Rs. 506.0,Rs. 508.2,-0.73,9930,5056171.1,508.93,-0.14,"26 August, 2025"
TAMOR,Sanima Middle Tamor Hydropower Limited,161,Rs. 518.3,Rs. 505.0,Rs. 517.35,9.15,7688,3956989.2,508.2,1.8,"27 August, 2025"
TAMOR,Sanima Middle Tamor Hydropower Limited,198,Rs. 525.0,Rs. 512.0,Rs. 512.24,-5.11,24173,12527420.9,517.35,-0.99,"28 August, 2025"
TAMOR,Sanima Middle Tamor Hydropower Limited,173,Rs. 510.9,Rs. 506.0,Rs. 508.14,-4.1,13485,6858072.9,512.24,-0.8,"31 August, 2025"
TAMOR,Sanima Middle Tamor Hydropower Limited,170,Rs. 510.0,Rs. 499.3,Rs. 507.04,-1.1,8036,4068176.8,508.14,-0.22,"01 September, 2025"
TAMOR,Sanima Middle Tamor Hydropower Limited,155,Rs. 510.0,Rs. 503.1,Rs. 506.68,-0.36,8774,4445517.5,507.04,-0.07,"02 September, 2025"
TAMOR,Sanima Middle Tamor Hydropower Limited,142,Rs. 507.0,Rs. 503.0,Rs. 503.66,-3.02,9306,4695718.0,506.68,-0.6,"03 September, 2025"
TAMOR,Sanima Middle Tamor Hydropower Limited,238,Rs. 506.3,Rs. 494.2,Rs. 500.99,-2.67,20816,10368798.7,503.66,-0.53,"04 September, 2025"
TAMOR,Sanima Middle Tamor Hydropower Limited,151,Rs. 503.0,Rs. 496.2,Rs. 499.23,-1.76,8619,4298747.9,500.99,-0.35,"07 September, 2025"
TAMOR,Sanima Middle Tamor Hydropower Limited,149,Rs. 500.0,Rs. 490.4,Rs. 495.78,-3.45,9936,4900535.2,499.23,-0.69,"08 September, 2025"
TAMOR,Sanima Middle Tamor Hydropower Limited,192,Rs. 507.0,Rs. 485.0,Rs. 507.0,15.7,10909,5462078.1,491.3,3.2,"23 September, 2025"
TAMOR,Sanima Middle Tamor Hydropower Limited,145,Rs. 505.0,Rs. 490.0,Rs. 495.0,-12.0,15616,7707863.4,507.0,-2.37,"24 September, 2025"
TAMOR,Sanima Middle Tamor Hydropower Limited,79,Rs. 502.0,Rs. 491.4,Rs. 496.0,1.0,8122,4042106.0,495.0,0.2,"25 September, 2025"
TAMOR,Sanima Middle Tamor Hydropower Limited,45,Rs. 500.0,Rs. 491.3,Rs. 499.0,3.0,4240,2104993.2,496.0,0.6,"28 September, 2025"
TAMOR,Sanima Middle Tamor Hydropower Limited,100,Rs. 493.0,Rs. 480.0,Rs. 482.0,-17.0,8482,4108462.0,499.0,-3.41,"07 October, 2025"
TAMOR,Sanima Middle Tamor Hydropower Limited,150,Rs. 480.0,Rs. 462.7,Rs. 467.3,-14.7,11422,5382385.7,482.0,-3.05,"08 October, 2025"
TAMOR,Sanima Middle Tamor Hydropower Limited,172,Rs. 490.9,Rs. 471.0,Rs. 479.0,11.7,20869,9970548.9,467.3,2.5,"09 October, 2025"
TAMOR,Sanima Middle Tamor Hydropower Limited,153,Rs. 472.0,Rs. 455.7,Rs. 455.7,-23.3,25243,11705721.8,479.0,-4.86,"12 October, 2025"
TAMOR,Sanima Middle Tamor Hydropower Limited,100,Rs. 466.0,Rs. 456.7,Rs. 459.0,-7.0,10220,4682438.7,466.0,-1.5,"14 October, 2025"
TAMOR,Sanima Middle Tamor Hydropower Limited,69,Rs. 464.0,Rs. 452.1,Rs. 459.9,0.9,6933,3164834.2,459.0,0.2,"15 October, 2025"
TAMOR,Sanima Middle Tamor Hydropower Limited,84,Rs. 464.0,Rs. 454.0,Rs. 454.2,-5.7,6885,3141388.9,459.9,-1.24,"16 October, 2025"
TAMOR,Sanima Middle Tamor Hydropower Limited,48,Rs. 463.0,Rs. 452.0,Rs. 455.0,0.8,4618,2100039.0,454.2,0.18,"19 October, 2025"
TAMOR,Sanima Middle Tamor Hydropower Limited,69,Rs. 468.9,Rs. 449.0,Rs. 454.0,-1.0,6145,2774522.6,455.0,-0.22,"26 October, 2025"
TAMOR,Sanima Middle Tamor Hydropower Limited,119,Rs. 468.0,Rs. 453.0,Rs. 464.0,10.0,15312,7039887.0,454.0,2.2,"28 October, 2025"
TAMOR,Sanima Middle Tamor Hydropower Limited,115,Rs. 471.0,Rs. 460.6,Rs. 465.0,1.0,12089,5638322.2,464.0,0.22,"29 October, 2025"
TAMOR,Sanima Middle Tamor Hydropower Limited,165,Rs. 502.3,Rs. 456.4,Rs. 483.0,18.0,15739,7469996.1,465.0,3.87,"30 October, 2025"
TAMOR,Sanima Middle Tamor Hydropower Limited,99,Rs. 499.8,Rs. 474.0,Rs. 489.0,6.0,9818,4794916.6,483.0,1.24,"02 November, 2025"
TAMOR,Sanima Middle Tamor Hydropower Limited,139,Rs. 495.0,Rs. 475.8,Rs. 484.0,-5.0,12720,6141974.5,489.0,-1.02,"03 November, 2025"
TAMOR,Sanima Middle Tamor Hydropower Limited,143,Rs. 492.0,Rs. 467.5,Rs. 471.0,-13.0,26788,12701903.4,484.0,-2.69,"04 November, 2025"
TAMOR,Sanima Middle Tamor Hydropower Limited,81,Rs. 477.0,Rs. 468.0,Rs. 477.0,6.0,6527,3087681.0,471.0,1.27,"05 November, 2025"
TAMOR,Sanima Middle Tamor Hydropower Limited,105,Rs. 482.0,Rs. 470.1,Rs. 475.0,-2.0,10377,4936627.3,477.0,-0.42,"06 November, 2025"
TAMOR,Sanima Middle Tamor Hydropower Limited,100,Rs. 480.9,Rs. 466.3,Rs. 466.7,-8.3,15994,7544858.7,475.0,-1.75,"09 November, 2025"
TAMOR,Sanima Middle Tamor Hydropower Limited,107,Rs. 473.4,Rs. 460.2,Rs. 467.2,0.5,9184,4303500.4,466.7,0.11,"10 November, 2025"
TAMOR,Sanima Middle Tamor Hydropower Limited,100,Rs. 476.9,Rs. 465.1,Rs. 474.9,7.7,5618,2654899.4,467.2,1.65,"11 November, 2025"
TAMOR,Sanima Middle Tamor Hydropower Limited,79,Rs. 475.0,Rs. 466.1,Rs. 466.1,-8.8,5441,2545379.0,474.9,-1.85,"12 November, 2025"
TAMOR,Sanima Middle Tamor Hydropower Limited,75,Rs. 478.0,Rs. 465.1,Rs. 466.5,-5.4,4775,2246281.0,471.9,-1.14,"16 November, 2025"
TAMOR,Sanima Middle Tamor Hydropower Limited,110,Rs. 479.0,Rs. 466.1,Rs. 473.0,0.1,5544,2622185.3,472.9,0.02,"18 November, 2025"
TAMOR,Sanima Middle Tamor Hydropower Limited,96,Rs. 475.8,Rs. 468.0,Rs. 469.0,-4.0,9370,4399418.0,473.0,-0.85,"19 November, 2025"
TAMOR,Sanima Middle Tamor Hydropower Limited,101,Rs. 471.9,Rs. 463.4,Rs. 471.9,2.9,4042,1896029.5,469.0,0.62,"20 November, 2025"
TAMOR,Sanima Middle Tamor Hydropower Limited,257,Rs. 485.0,Rs. 460.0,Rs. 472.5,0.6,38290,18142045.5,471.9,0.13,"23 November, 2025"
TAMOR,Sanima Middle Tamor Hydropower Limited,141,Rs. 481.5,Rs. 472.2,Rs. 475.0,2.5,8065,3837425.6,472.5,0.53,"24 November, 2025"
TAMOR,Sanima Middle Tamor Hydropower Limited,146,Rs. 477.0,Rs. 470.0,Rs. 470.0,-5.0,15218,7175786.5,475.0,-1.05,"25 November, 2025"
TAMOR,Sanima Middle Tamor Hydropower Limited,221,Rs. 487.0,Rs. 470.0,Rs. 487.0,17.0,35931,17273132.0,470.0,3.62,"26 November, 2025"
TAMOR,Sanima Middle Tamor Hydropower Limited,147,Rs. 487.0,Rs. 479.0,Rs. 486.8,-0.2,15223,7332015.6,487.0,-0.04,"27 November, 2025"
TAMOR,Sanima Middle Tamor Hydropower Limited,168,Rs. 494.9,Rs. 473.0,Rs. 476.0,-10.8,19280,9289766.6,486.8,-2.22,"30 November, 2025"
TAMOR,Sanima Middle Tamor Hydropower Limited,132,Rs. 480.0,Rs. 472.2,Rs. 476.2,0.2,14755,7041662.5,476.0,0.04,"01 December, 2025"
TAMOR,Sanima Middle Tamor Hydropower Limited,131,Rs. 484.0,Rs. 476.0,Rs. 482.0,5.8,14839,7128819.5,476.2,1.22,"02 December, 2025"
TAMOR,Sanima Middle Tamor Hydropower Limited,141,Rs. 489.9,Rs. 473.1,Rs. 478.2,-3.8,22899,11017441.4,482.0,-0.79,"03 December, 2025"
TAMOR,Sanima Middle Tamor Hydropower Limited,167,Rs. 478.0,Rs. 466.4,Rs. 470.0,-8.2,10422,4907509.7,478.2,-1.71,"07 December, 2025"
TAMOR,Sanima Middle Tamor Hydropower Limited,129,Rs. 472.0,Rs. 463.0,Rs. 470.6,0.6,6745,3161925.0,470.0,0.13,"08 December, 2025"
TAMOR,Sanima Middle Tamor Hydropower Limited,134,Rs. 475.0,Rs. 465.0,Rs. 467.5,-3.1,6918,3251604.2,470.6,-0.66,"09 December, 2025"
TAMOR,Sanima Middle Tamor Hydropower Limited,186,Rs. 477.9,Rs. 457.3,Rs. 464.5,-3.0,18113,8391829.6,467.5,-0.64,"10 December, 2025"
TAMOR,Sanima Middle Tamor Hydropower Limited,138,Rs. 471.0,Rs. 456.1,Rs. 467.2,2.7,5803,2711878.7,464.5,0.58,"11 December, 2025"
TAMOR,Sanima Middle Tamor Hydropower Limited,131,Rs. 465.1,Rs. 460.0,Rs. 461.2,-6.0,11401,5268386.0,467.2,-1.28,"14 December, 2025"
TAMOR,Sanima Middle Tamor Hydropower Limited,171,Rs. 465.0,Rs. 455.0,Rs. 455.1,-6.1,12685,5798046.0,461.2,-1.32,"15 December, 2025"
TAMOR,Sanima Middle Tamor Hydropower Limited,122,Rs. 460.0,Rs. 452.0,Rs. 457.0,1.9,5806,2650181.2,455.1,0.42,"16 December, 2025"
TAMOR,Sanima Middle Tamor Hydropower Limited,128,Rs. 461.6,Rs. 452.3,Rs. 461.6,4.6,4716,2169898.0,457.0,1.01,"17 December, 2025"
TAMOR,Sanima Middle Tamor Hydropower Limited,193,Rs. 466.0,Rs. 456.1,Rs. 461.0,-0.6,13574,6227560.3,461.6,-0.13,"18 December, 2025"
TAMOR,Sanima Middle Tamor Hydropower Limited,150,Rs. 465.0,Rs. 447.0,Rs. 451.0,-2.4,8437,3818630.1,453.4,-0.53,"22 December, 2025"
TAMOR,Sanima Middle Tamor Hydropower Limited,126,Rs. 454.0,Rs. 446.9,Rs. 454.0,3.0,8515,3817144.1,451.0,0.67,"23 December, 2025"
TAMOR,Sanima Middle Tamor Hydropower Limited,139,Rs. 460.0,Rs. 442.1,Rs. 444.2,-9.8,8927,3983949.1,454.0,-2.16,"24 December, 2025"
TAMOR,Sanima Middle Tamor Hydropower Limited,165,Rs. 454.1,Rs. 444.0,Rs. 451.0,6.8,11743,5292411.1,444.2,1.53,"28 December, 2025"
TAMOR,Sanima Middle Tamor Hydropower Limited,124,Rs. 459.0,Rs. 443.3,Rs. 451.0,0.0,18719,8447645.8,451.0,0.0,"29 December, 2025"
TAMOR,Sanima Middle Tamor Hydropower Limited,187,Rs. 454.0,Rs. 445.5,Rs. 446.0,-5.0,16481,7386575.0,451.0,-1.11,"31 December, 2025"
TAMOR,Sanima Middle Tamor Hydropower Limited,152,Rs. 448.0,Rs. 441.6,Rs. 444.0,-2.0,15772,6989317.1,446.0,-0.45,"01 January, 2026"
TAMOR,Sanima Middle Tamor Hydropower Limited,215,Rs. 461.8,Rs. 440.0,Rs. 440.3,-3.7,25201,11319133.1,444.0,-0.83,"04 January, 2026"
TAMOR,Sanima Middle Tamor Hydropower Limited,259,Rs. 460.1,Rs. 437.0,Rs. 460.1,19.8,18870,8514635.1,440.3,4.5,"05 January, 2026"
TAMOR,Sanima Middle Tamor Hydropower Limited,155,Rs. 460.0,Rs. 450.0,Rs. 454.0,-6.1,17777,8109716.4,460.1,-1.33,"06 January, 2026"
TAMOR,Sanima Middle Tamor Hydropower Limited,125,Rs. 463.0,Rs. 445.3,Rs. 447.0,-7.0,10921,4974718.3,454.0,-1.54,"07 January, 2026"
TAMOR,Sanima Middle Tamor Hydropower Limited,130,Rs. 450.0,Rs. 440.2,Rs. 448.0,1.0,7936,3528967.5,447.0,0.22,"08 January, 2026"
TAMOR,Sanima Middle Tamor Hydropower Limited,170,Rs. 454.0,Rs. 440.0,Rs. 443.0,-5.0,7182,3188960.0,448.0,-1.12,"12 January, 2026"
TAMOR,Sanima Middle Tamor Hydropower Limited,130,Rs. 450.0,Rs. 441.2,Rs. 449.0,6.0,7504,3343840.3,443.0,1.35,"13 January, 2026"
TAMOR,Sanima Middle Tamor Hydropower Limited,132,Rs. 453.0,Rs. 441.3,Rs. 449.0,0.0,8540,3797133.0,449.0,0.0,"14 January, 2026"
TAMOR,Sanima Middle Tamor Hydropower Limited,195,Rs. 450.0,Rs. 442.1,Rs. 447.0,-2.0,12753,5693484.1,449.0,-0.45,"18 January, 2026"
TAMOR,Sanima Middle Tamor Hydropower Limited,286,Rs. 455.9,Rs. 443.2,Rs. 454.9,7.9,28704,12955859.8,447.0,1.77,"20 January, 2026"
TAMOR,Sanima Middle Tamor Hydropower Limited,184,Rs. 463.0,Rs. 448.2,Rs. 449.1,-5.8,21147,9594134.5,454.9,-1.28,"21 January, 2026"
TAMOR,Sanima Middle Tamor Hydropower Limited,188,Rs. 455.9,Rs. 447.0,Rs. 455.7,6.6,14409,6495371.9,449.1,1.47,"22 January, 2026"
TAMOR,Sanima Middle Tamor Hydropower Limited,311,Rs. 461.0,Rs. 451.5,Rs. 459.8,4.1,45903,20940125.9,455.7,0.9,"25 January, 2026"
TAMOR,Sanima Middle Tamor Hydropower Limited,237,Rs. 467.0,Rs. 450.2,Rs. 457.8,-6.0,34686,15896099.5,463.8,-1.29,"27 January, 2026"
TAMOR,Sanima Middle Tamor Hydropower Limited,241,Rs. 465.0,Rs. 449.2,Rs. 463.0,5.2,29318,13416152.8,457.8,1.14,"28 January, 2026"
TAMOR,Sanima Middle Tamor Hydropower Limited,271,Rs. 469.0,Rs. 453.0,Rs. 458.0,-5.0,50065,22994034.3,463.0,-1.08,"29 January, 2026"
TAMOR,Sanima Middle Tamor Hydropower Limited,176,Rs. 458.0,Rs. 449.0,Rs. 451.0,-7.0,13600,6143872.2,458.0,-1.53,"01 February, 2026"
TAMOR,Sanima Middle Tamor Hydropower Limited,158,Rs. 454.0,Rs. 446.0,Rs. 447.2,-3.8,9267,4164398.2,451.0,-0.84,"02 February, 2026"
TAMOR,Sanima Middle Tamor Hydropower Limited,206,Rs. 450.0,Rs. 440.0,Rs. 448.0,0.8,15505,6919159.9,447.2,0.18,"03 February, 2026"
TAMOR,Sanima Middle Tamor Hydropower Limited,158,Rs. 456.9,Rs. 442.1,Rs. 446.0,-2.0,14660,6523285.3,448.0,-0.45,"04 February, 2026"
TAMOR,Sanima Middle Tamor Hydropower Limited,219,Rs. 449.9,Rs. 443.0,Rs. 448.0,2.0,18240,8153345.1,446.0,0.45,"05 February, 2026"
TAMOR,Sanima Middle Tamor Hydropower Limited,273,Rs. 455.0,Rs. 446.0,Rs. 448.0,0.0,25924,11654516.1,448.0,0.0,"08 February, 2026"
TAMOR,Sanima Middle Tamor Hydropower Limited,167,Rs. 448.0,Rs. 442.3,Rs. 444.0,-4.0,14182,6292663.2,448.0,-0.89,"09 February, 2026"
TAMOR,Sanima Middle Tamor Hydropower Limited,180,Rs. 448.0,Rs. 437.2,Rs. 439.0,-5.0,16892,7456020.1,444.0,-1.13,"10 February, 2026"
TAMOR,Sanima Middle Tamor Hydropower Limited,150,Rs. 445.9,Rs. 435.1,Rs. 435.3,-3.7,12822,5610468.7,439.0,-0.84,"11 February, 2026"
TAMOR,Sanima Middle Tamor Hydropower Limited,298,Rs. 448.0,Rs. 430.3,Rs. 435.2,-0.1,34402,15002492.5,435.3,-0.02,"12 February, 2026"
TAMOR,Sanima Middle Tamor Hydropower Limited,202,Rs. 440.0,Rs. 428.1,Rs. 428.1,-7.1,28230,12183249.9,435.2,-1.63,"16 February, 2026"
TAMOR,Sanima Middle Tamor Hydropower Limited,220,Rs. 430.0,Rs. 418.1,Rs. 419.0,-9.1,26787,11321873.0,428.1,-2.13,"17 February, 2026"
TAMOR,Sanima Middle Tamor Hydropower Limited,210,Rs. 425.0,Rs. 411.0,Rs. 413.1,-5.9,18372,7624906.8,419.0,-1.41,"22 February, 2026"
TAMOR,Sanima Middle Tamor Hydropower Limited,181,Rs. 417.0,Rs. 411.0,Rs. 413.0,-0.1,19663,8120112.5,413.1,-0.02,"23 February, 2026"
TAMOR,Sanima Middle Tamor Hydropower Limited,123,Rs. 416.0,Rs. 409.0,Rs. 416.0,3.0,9512,3936707.7,413.0,0.73,"24 February, 2026"
TAMOR,Sanima Middle Tamor Hydropower Limited,134,Rs. 418.0,Rs. 411.0,Rs. 414.0,-2.0,12095,5008657.5,416.0,-0.48,"25 February, 2026"
TAMOR,Sanima Middle Tamor Hydropower Limited,75,Rs. 418.5,Rs. 412.6,Rs. 414.0,0.0,7752,3208793.4,414.0,0.0,"26 February, 2026"
TAMOR,Sanima Middle Tamor Hydropower Limited,118,Rs. 420.9,Rs. 410.0,Rs. 416.7,2.7,5892,2439669.5,414.0,0.65,"01 March, 2026"
TAMOR,Sanima Middle Tamor Hydropower Limited,137,Rs. 433.9,Rs. 417.0,Rs. 429.0,12.3,9331,3986702.7,416.7,2.95,"03 March, 2026"
TAMOR,Sanima Middle Tamor Hydropower Limited,10,Rs. 455.1,Rs. 437.5,Rs. 446.2,17.2,542,239998.0,429.0,4.01,"09 March, 2026"
TAMOR,Sanima Middle Tamor Hydropower Limited,338,Rs. 455.0,Rs. 433.0,Rs. 440.0,-6.2,48603,21561452.7,446.2,-1.39,"10 March, 2026"
TAMOR,Sanima Middle Tamor Hydropower Limited,198,Rs. 445.0,Rs. 432.0,Rs. 432.0,-8.0,22061,9665670.9,440.0,-1.82,"11 March, 2026"
TAMOR,Sanima Middle Tamor Hydropower Limited,234,Rs. 436.0,Rs. 426.2,Rs. 432.1,0.1,26078,11249775.0,432.0,0.02,"12 March, 2026"
TAMOR,Sanima Middle Tamor Hydropower Limited,203,Rs. 438.0,Rs. 427.0,Rs. 429.0,-3.1,19525,8416801.6,432.1,-0.72,"15 March, 2026"
TAMOR,Sanima Middle Tamor Hydropower Limited,289,Rs. 430.0,Rs. 417.1,Rs. 422.0,-7.0,40313,16963985.5,429.0,-1.63,"16 March, 2026"
TAMOR,Sanima Middle Tamor Hydropower Limited,338,Rs. 426.3,Rs. 413.6,Rs. 424.0,2.0,35263,14749890.1,422.0,0.47,"17 March, 2026"
TAMOR,Sanima Middle Tamor Hydropower Limited,587,Rs. 430.0,Rs. 418.0,Rs. 421.0,-3.0,76200,32433598.0,424.0,-0.71,"19 March, 2026"
TAMOR,Sanima Middle Tamor Hydropower Limited,2388,Rs. 452.3,Rs. 396.4,Rs. 446.5,25.5,869740,375341978.7,421.0,6.06,"22 March, 2026"
TAMOR,Sanima Middle Tamor Hydropower Limited,1321,Rs. 448.9,Rs. 437.5,Rs. 448.0,1.5,495103,219261742.4,446.5,0.34,"23 March, 2026"
TAMOR,Sanima Middle Tamor Hydropower Limited,1182,Rs. 467.0,Rs. 445.0,Rs. 459.0,11.0,389316,178482125.9,448.0,2.46,"24 March, 2026"
TAMOR,Sanima Middle Tamor Hydropower Limited,934,Rs. 466.0,Rs. 450.0,Rs. 465.0,6.0,310103,142546883.8,459.0,1.31,"25 March, 2026"
TAMOR,Sanima Middle Tamor Hydropower Limited,787,Rs. 470.0,Rs. 456.0,Rs. 467.0,2.0,271739,125268057.8,465.0,0.43,"26 March, 2026"
TAMOR,Sanima Middle Tamor Hydropower Limited,934,Rs. 472.0,Rs. 455.0,Rs. 460.0,-7.0,260759,120707810.1,467.0,-1.5,"29 March, 2026"
TAMOR,Sanima Middle Tamor Hydropower Limited,694,Rs. 464.9,Rs. 455.0,Rs. 458.1,-1.9,160850,73858426.1,460.0,-0.41,"30 March, 2026"
TAMOR,Sanima Middle Tamor Hydropower Limited,675,Rs. 462.0,Rs. 446.0,Rs. 458.0,-0.1,193642,88103222.3,458.1,-0.02,"31 March, 2026"
TAMOR,Sanima Middle Tamor Hydropower Limited,439,Rs. 464.9,Rs. 448.0,Rs. 453.0,-5.0,200990,91068942.2,458.0,-1.09,"01 April, 2026"
TAMOR,Sanima Middle Tamor Hydropower Limited,378,Rs. 456.0,Rs. 441.0,Rs. 448.2,-4.8,115950,52188611.3,453.0,-1.06,"02 April, 2026"
TAMOR,Sanima Middle Tamor Hydropower Limited,441,Rs. 444.0,Rs. 431.3,Rs. 435.0,-13.2,136660,59516926.8,448.2,-2.95,"05 April, 2026"
TAMOR,Sanima Middle Tamor Hydropower Limited,551,Rs. 454.0,Rs. 427.0,Rs. 446.3,11.3,122567,54659386.0,435.0,2.6,"06 April, 2026"
TAMOR,Sanima Middle Tamor Hydropower Limited,261,Rs. 455.0,Rs. 441.0,Rs. 442.0,-4.3,87866,38981484.3,446.3,-0.96,"07 April, 2026"
TAMOR,Sanima Middle Tamor Hydropower Limited,274,Rs. 450.1,Rs. 441.0,Rs. 444.1,2.1,64894,28969964.3,442.0,0.48,"08 April, 2026"
TAMOR,Sanima Middle Tamor Hydropower Limited,567,Rs. 455.9,Rs. 442.2,Rs. 447.1,3.0,150848,67972251.8,444.1,0.68,"09 April, 2026"
TAMOR,Sanima Middle Tamor Hydropower Limited,327,Rs. 450.0,Rs. 443.2,Rs. 443.7,-3.4,103386,46090418.5,447.1,-0.76,"10 April, 2026"
TAMOR,Sanima Middle Tamor Hydropower Limited,546,Rs. 459.0,Rs. 449.0,Rs. 454.0,10.3,97040,43988740.0,443.7,2.32,"13 April, 2026"
TAMOR,Sanima Middle Tamor Hydropower Limited,491,Rs. 463.0,Rs. 450.0,Rs. 453.0,-1.0,111264,50600287.8,454.0,-0.22,"15 April, 2026"
TAMOR,Sanima Middle Tamor Hydropower Limited,319,Rs. 455.0,Rs. 444.0,Rs. 444.1,-8.9,84831,37875807.4,453.0,-1.96,"16 April, 2026"
TAMOR,Sanima Middle Tamor Hydropower Limited,267,Rs. 452.0,Rs. 444.0,Rs. 446.0,1.9,36152,16128056.2,444.1,0.43,"17 April, 2026"
TAMOR,Sanima Middle Tamor Hydropower Limited,351,Rs. 445.4,Rs. 440.2,Rs. 445.0,-1.0,100310,44367543.4,446.0,-0.22,"20 April, 2026"
TAMOR,Sanima Middle Tamor Hydropower Limited,258,Rs. 449.0,Rs. 422.8,Rs. 440.0,-5.0,108087,47649990.2,445.0,-1.12,"21 April, 2026"
TAMOR,Sanima Middle Tamor Hydropower Limited,253,Rs. 444.9,Rs. 437.1,Rs. 444.0,4.0,99782,43905697.8,440.0,0.91,"22 April, 2026"
TAMOR,Sanima Middle Tamor Hydropower Limited,182,Rs. 448.9,Rs. 438.1,Rs. 441.0,-3.0,30890,13618867.2,444.0,-0.68,"23 April, 2026"
TAMOR,Sanima Middle Tamor Hydropower Limited,152,Rs. 454.2,Rs. 436.1,Rs. 439.3,-1.7,38977,17152524.7,441.0,-0.39,"24 April, 2026"
TAMOR,Sanima Middle Tamor Hydropower Limited,243,Rs. 443.9,Rs. 437.0,Rs. 438.5,-0.8,53914,23723274.5,439.3,-0.18,"27 April, 2026"
TAMOR,Sanima Middle Tamor Hydropower Limited,261,Rs. 446.8,Rs. 438.5,Rs. 443.0,4.5,86741,38388274.2,438.5,1.03,"28 April, 2026"
TAMOR,Sanima Middle Tamor Hydropower Limited,190,Rs. 465.0,Rs. 436.5,Rs. 439.0,-4.0,56543,24853402.6,443.0,-0.9,"29 April, 2026"
TAMOR,Sanima Middle Tamor Hydropower Limited,197,Rs. 440.0,Rs. 430.7,Rs. 434.0,-5.0,50711,22050711.4,439.0,-1.14,"30 April, 2026"
TAMOR,Sanima Middle Tamor Hydropower Limited,208,Rs. 440.0,Rs. 430.4,Rs. 431.1,-2.9,45091,19469491.2,434.0,-0.67,"04 May, 2026"
TAMOR,Sanima Middle Tamor Hydropower Limited,136,Rs. 433.9,Rs. 427.1,Rs. 431.0,0.8,26090,11256872.0,430.2,0.19,"06 May, 2026"
TAMOR,Sanima Middle Tamor Hydropower Limited,210,Rs. 433.0,Rs. 427.0,Rs. 427.0,-4.0,33787,14484381.6,431.0,-0.93,"07 May, 2026"
TAMOR,Sanima Middle Tamor Hydropower Limited,183,Rs. 434.0,Rs. 426.4,Rs. 433.7,6.7,33752,14539926.5,427.0,1.57,"08 May, 2026"
TAMOR,Sanima Middle Tamor Hydropower Limited,277,Rs. 443.0,Rs. 432.1,Rs. 440.5,6.8,55489,24367072.1,433.7,1.57,"11 May, 2026"
TAMOR,Sanima Middle Tamor Hydropower Limited,150,Rs. 442.0,Rs. 430.0,Rs. 437.9,-2.6,21179,9289865.7,440.5,-0.59,"12 May, 2026"
TAMOR,Sanima Middle Tamor Hydropower Limited,166,Rs. 442.0,Rs. 430.3,Rs. 441.2,3.3,34152,14999325.8,437.9,0.75,"13 May, 2026"
TAMOR,Sanima Middle Tamor Hydropower Limited,417,Rs. 454.0,Rs. 438.1,Rs. 451.0,9.8,82782,37088670.7,441.2,2.22,"14 May, 2026"
TAMOR,Sanima Middle Tamor Hydropower Limited,266,Rs. 456.9,Rs. 445.0,Rs. 447.1,-3.9,69975,31456012.5,451.0,-0.86,"15 May, 2026"
TAMOR,Sanima Middle Tamor Hydropower Limited,196,Rs. 452.0,Rs. 442.0,Rs. 447.2,0.1,48554,21755750.9,447.1,0.02,"18 May, 2026"
TAMOR,Sanima Middle Tamor Hydropower Limited,183,Rs. 455.0,Rs. 442.0,Rs. 448.0,0.8,41772,18665647.7,447.2,0.18,"19 May, 2026"
TAMOR,Sanima Middle Tamor Hydropower Limited,248,Rs. 455.0,Rs. 444.1,Rs. 455.0,7.0,55107,24868532.7,448.0,1.56,"20 May, 2026"
TAMOR,Sanima Middle Tamor Hydropower Limited,185,Rs. 456.8,Rs. 448.1,Rs. 449.0,-6.0,47693,21513242.9,455.0,-1.32,"21 May, 2026"
TAMOR,Sanima Middle Tamor Hydropower Limited,211,Rs. 455.0,Rs. 444.0,Rs. 455.0,6.0,56882,25708960.4,449.0,1.34,"22 May, 2026"
TAMOR,Sanima Middle Tamor Hydropower Limited,512,Rs. 465.0,Rs. 450.1,Rs. 461.9,6.9,134249,61674653.6,455.0,1.52,"25 May, 2026"
TAMOR,Sanima Middle Tamor Hydropower Limited,725,Rs. 478.0,Rs. 460.5,Rs. 476.0,14.1,200081,94066717.5,461.9,3.05,"26 May, 2026"
TAMOR,Sanima Middle Tamor Hydropower Limited,577,Rs. 489.8,Rs. 475.0,Rs. 484.0,8.0,123162,59363049.7,476.0,1.68,"27 May, 2026"
TAMOR,Sanima Middle Tamor Hydropower Limited,405,Rs. 508.2,Rs. 462.3,Rs. 466.0,-18.0,89177,42080288.0,484.0,-3.72,"01 June, 2026"
TAMOR,Sanima Middle Tamor Hydropower Limited,288,Rs. 470.0,Rs. 460.0,Rs. 468.0,2.0,57798,27003759.9,466.0,0.43,"02 June, 2026"
TAMOR,Sanima Middle Tamor Hydropower Limited,227,Rs. 473.0,Rs. 462.0,Rs. 463.3,-4.7,55118,25689042.4,468.0,-1.0,"03 June, 2026"
TAMOR,Sanima Middle Tamor Hydropower Limited,266,Rs. 470.0,Rs. 460.0,Rs. 470.0,6.7,45326,21086533.1,463.3,1.45,"04 June, 2026"
TAMOR,Sanima Middle Tamor Hydropower Limited,197,Rs. 470.0,Rs. 461.0,Rs. 464.0,-6.0,53854,24936732.7,470.0,-1.28,"05 June, 2026"
TAMOR,Sanima Middle Tamor Hydropower Limited,210,Rs. 464.0,Rs. 455.0,Rs. 460.0,-4.0,42385,19390183.4,464.0,-0.86,"08 June, 2026"
TAMOR,Sanima Middle Tamor Hydropower Limited,270,Rs. 461.9,Rs. 452.1,Rs. 459.9,-0.1,40586,18492509.1,460.0,-0.02,"09 June, 2026"
TAMOR,Sanima Middle Tamor Hydropower Limited,201,Rs. 468.0,Rs. 453.8,Rs. 459.0,-0.9,52330,23893284.8,459.9,-0.2,"10 June, 2026"
TAMOR,Sanima Middle Tamor Hydropower Limited,175,Rs. 462.0,Rs. 455.0,Rs. 456.5,-2.5,17926,8200379.0,459.0,-0.54,"11 June, 2026"
TAMOR,Sanima Middle Tamor Hydropower Limited,172,Rs. 458.0,Rs. 452.2,Rs. 458.0,1.5,37499,17036811.1,456.5,0.33,"12 June, 2026"
TAMOR,Sanima Middle Tamor Hydropower Limited,191,Rs. 460.0,Rs. 450.0,Rs. 450.0,-8.0,39090,17725130.7,458.0,-1.75,"15 June, 2026"
TAMOR,Sanima Middle Tamor Hydropower Limited,186,Rs. 451.8,Rs. 447.0,Rs. 450.6,0.6,37822,17017803.6,450.0,0.13,"16 June, 2026"
TAMOR,Sanima Middle Tamor Hydropower Limited,117,Rs. 455.0,Rs. 450.0,Rs. 452.4,1.8,10787,4871267.1,450.6,0.4,"17 June, 2026"
TAMOR,Sanima Middle Tamor Hydropower Limited,204,Rs. 455.0,Rs. 449.0,Rs. 450.9,-1.5,78701,35632894.5,452.4,-0.33,"18 June, 2026"
TAMOR,Sanima Middle Tamor Hydropower Limited,207,Rs. 458.0,Rs. 445.0,Rs. 452.9,2.0,51252,23077456.6,450.9,0.44,"19 June, 2026"
TAMOR,Sanima Middle Tamor Hydropower Limited,182,Rs. 464.9,Rs. 450.0,Rs. 453.0,0.1,42549,19320679.0,452.9,0.02,"22 June, 2026"
TAMOR,Sanima Middle Tamor Hydropower Limited,161,Rs. 456.0,Rs. 432.1,Rs. 449.8,-3.2,30768,13846118.1,453.0,-0.71,"23 June, 2026"
TAMOR,Sanima Middle Tamor Hydropower Limited,156,Rs. 453.0,Rs. 442.9,Rs. 444.7,-5.1,29611,13172686.7,449.8,-1.13,"24 June, 2026"
TAMOR,Sanima Middle Tamor Hydropower Limited,116,Rs. 445.9,Rs. 442.1,Rs. 444.1,-0.6,13296,5894718.0,444.7,-0.13,"25 June, 2026"
TAMOR,Sanima Middle Tamor Hydropower Limited,83,Rs. 446.9,Rs. 444.1,Rs. 445.0,0.9,11929,5308119.8,444.1,0.2,"26 June, 2026"
TAMOR,Sanima Middle Tamor Hydropower Limited,110,Rs. 443.0,Rs. 441.0,Rs. 441.4,-3.6,12687,5605441.5,445.0,-0.81,"29 June, 2026"
TAMOR,Sanima Middle Tamor Hydropower Limited,148,Rs. 441.0,Rs. 438.2,Rs. 438.6,-2.8,36500,16019672.4,441.4,-0.63,"30 June, 2026"
TAMOR,Sanima Middle Tamor Hydropower Limited,115,Rs. 446.9,Rs. 435.7,Rs. 446.0,7.4,12768,5675155.2,438.6,1.69,"01 July, 2026"
TAMOR,Sanima Middle Tamor Hydropower Limited,94,Rs. 446.0,Rs. 442.2,Rs. 444.0,-2.0,20600,9147887.0,446.0,-0.45,"02 July, 2026"
TAMOR,Sanima Middle Tamor Hydropower Limited,133,Rs. 450.0,Rs. 440.5,Rs. 440.5,-3.5,24496,10876075.6,444.0,-0.79,"03 July, 2026"
TAMOR,Sanima Middle Tamor Hydropower Limited,102,Rs. 443.0,Rs. 439.0,Rs. 439.0,-1.5,26105,11491083.0,440.5,-0.34,"06 July, 2026"
TAMOR,Sanima Middle Tamor Hydropower Limited,153,Rs. 445.0,Rs. 439.0,Rs. 445.0,6.0,49043,21652302.6,439.0,1.37,"07 July, 2026"
TAMOR,Sanima Middle Tamor Hydropower Limited,95,Rs. 443.0,Rs. 438.0,Rs. 439.0,-6.0,24035,10560951.0,445.0,-1.35,"08 July, 2026"
TAMOR,Sanima Middle Tamor Hydropower Limited,97,Rs. 441.2,Rs. 435.3,Rs. 439.2,0.2,11639,5109149.4,439.0,0.05,"09 July, 2026"
TAMOR,Sanima Middle Tamor Hydropower Limited,124,Rs. 446.0,Rs. 437.0,Rs. 439.0,-0.2,26113,11531802.1,439.2,-0.05,"10 July, 2026"
TAMOR,Sanima Middle Tamor Hydropower Limited,145,Rs. 439.0,Rs. 431.0,Rs. 432.0,-7.0,25691,11130336.7,439.0,-1.59,"13 July, 2026"
TAMOR,Sanima Middle Tamor Hydropower Limited,142,Rs. 450.1,Rs. 430.1,Rs. 435.1,3.1,17543,7616073.6,432.0,0.72,"14 July, 2026"
TAMOR,Sanima Middle Tamor Hydropower Limited,106,Rs. 444.0,Rs. 431.3,Rs. 436.5,1.4,8678,3793604.6,435.1,0.32,"15 July, 2026"
TAMOR,Sanima Middle Tamor Hydropower Limited,114,Rs. 458.3,Rs. 432.0,Rs. 437.0,0.5,35199,15433601.7,436.5,0.11,"16 July, 2026"
TAMOR,Sanima Middle Tamor Hydropower Limited,108,Rs. 458.0,Rs. 438.0,Rs. 448.1,11.1,14552,6528032.0,437.0,2.54,"17 July, 2026"
TAMOR,Sanima Middle Tamor Hydropower Limited,117,Rs. 455.2,Rs. 444.4,Rs. 452.1,4.0,21223,9571011.6,448.1,0.89,"20 July, 2026"
TAMOR,Sanima Middle Tamor Hydropower Limited,214,Rs. 460.0,Rs. 452.1,Rs. 454.0,1.9,50356,22917836.0,452.1,0.42,"21 July, 2026"
TAMOR,Sanima Middle Tamor Hydropower Limited,102,Rs. 454.0,Rs. 447.0,Rs. 452.0,-2.0,22745,10269508.2,454.0,-0.44,"22 July, 2026"
TAMOR,Sanima Middle Tamor Hydropower Limited,138,Rs. 463.7,Rs. 446.0,Rs. 451.5,-0.5,24468,11060385.3,452.0,-0.11,"23 July, 2026"
TAMOR,Sanima Middle Tamor Hydropower Limited,146,Rs. 456.0,Rs. 450.0,Rs. 452.6,1.1,27528,12508837.3,451.5,0.24,"24 July, 2026"
TAMOR,Sanima Middle Tamor Hydropower Limited,182,Rs. 455.0,Rs. 448.6,Rs. 451.0,-1.6,43431,19583297.7,452.6,-0.35,"27 July, 2026"
TAMOR,Sanima Middle Tamor Hydropower Limited,211,Rs. 459.0,Rs. 448.7,Rs. 456.0,5.0,26914,12183281.3,451.0,1.11,"28 July, 2026"
TAMOR,Sanima Middle Tamor Hydropower Limited,135,Rs. 457.0,Rs. 449.1,Rs. 453.9,-2.1,24714,11195704.6,456.0,-0.46,"29 July, 2026"
TAMOR,Sanima Middle Tamor Hydropower Limited,236,Rs. 456.9,Rs. 448.1,Rs. 451.0,-2.9,34393,15606136.5,453.9,-0.64,"30 July, 2026"
TAMOR,Sanima Middle Tamor Hydropower Limited,143,Rs. 453.0,Rs. 445.0,Rs. 449.3,-1.7,27003,12135028.3,451.0,-0.38,"31 July, 2026"
TAMOR,Sanima Middle Tamor Hydropower Limited,178,Rs. 455.0,Rs. 449.0,Rs. 449.5,0.2,28438,12852742.9,449.3,0.04,"03 August, 2026"
TAMOR,Sanima Middle Tamor Hydropower Limited,103,Rs. 458.0,Rs. 428.6,Rs. 449.2,-0.3,34970,15721030.7,449.5,-0.07,"04 August, 2026"
TAMOR,Sanima Middle Tamor Hydropower Limited,130,Rs. 453.0,Rs. 446.0,Rs. 453.0,3.8,12052,5429025.0,449.2,0.85,"05 August, 2026"
TAMOR,Sanima Middle Tamor Hydropower Limited,89,Rs. 454.9,Rs. 445.1,Rs. 450.0,-3.0,23440,10567965.0,453.0,-0.66,"06 August, 2026"
TAMOR,Sanima Middle Tamor Hydropower Limited,99,Rs. 449.9,Rs. 445.1,Rs. 445.1,-4.9,9540,4255420.5,450.0,-1.09,"07 August, 2026"
TAMOR,Sanima Middle Tamor Hydropower Limited,159,Rs. 450.0,Rs. 446.0,Rs. 450.0,4.9,14927,6695102.9,445.1,1.1,"10 August, 2026"
TAMOR,Sanima Middle Tamor Hydropower Limited,140,Rs. 453.2,Rs. 440.1,Rs. 449.2,-0.8,21063,9485397.8,450.0,-0.18,"11 August, 2026"
TAMOR,Sanima Middle Tamor Hydropower Limited,122,Rs. 454.8,Rs. 450.0,Rs. 453.0,2.0,19705,8924924.3,451.0,0.44,"13 August, 2026"
TAMOR,Sanima Middle Tamor Hydropower Limited,187,Rs. 457.9,Rs. 453.0,Rs. 457.0,4.0,34204,15577091.2,453.0,0.88,"14 August, 2026"
TAMOR,Sanima Middle Tamor Hydropower Limited,485,Rs. 470.0,Rs. 455.3,Rs. 469.0,12.0,126173,58534123.4,457.0,2.63,"17 August, 2026"
TAMOR,Sanima Middle Tamor Hydropower Limited,303,Rs. 470.0,Rs. 455.0,Rs. 455.0,-14.0,171974,79298514.2,469.0,-2.99,"18 August, 2026"
TAMOR,Sanima Middle Tamor Hydropower Limited,215,Rs. 465.9,Rs. 454.1,Rs. 459.5,4.5,79851,36916112.8,455.0,0.99,"19 August, 2026"
TAMOR,Sanima Middle Tamor Hydropower Limited,789,Rs. 482.0,Rs. 460.0,Rs. 481.8,22.3,314336,148392107.5,459.5,4.85,"20 August, 2026"
TAMOR,Sanima Middle Tamor Hydropower Limited,721,Rs. 488.8,Rs. 476.0,Rs. 484.7,2.9,270640,130533921.7,481.8,0.6,"21 August, 2026"
TAMOR,Sanima Middle Tamor Hydropower Limited,401,Rs. 483.9,Rs. 472.2,Rs. 478.0,-6.7,143846,68647086.9,484.7,-1.38,"24 August, 2026"
TAMOR,Sanima Middle Tamor Hydropower Limited,433,Rs. 482.6,Rs. 473.5,Rs. 480.4,2.4,161614,77296771.0,478.0,0.5,"25 August, 2026"
TAMOR,Sanima Middle Tamor Hydropower Limited,465,Rs. 484.9,Rs. 473.1,Rs. 480.0,-0.4,406065,193282109.8,480.4,-0.08,"26 August, 2026"
TAMOR,Sanima Middle Tamor Hydropower Limited,317,Rs. 484.5,Rs. 472.6,Rs. 482.0,2.0,123358,59125162.4,480.0,0.42,"27 August, 2026"
TAMOR,Sanima Middle Tamor Hydropower Limited,296,Rs. 480.0,Rs. 475.0,Rs. 480.0,-2.0,91097,43445609.2,482.0,-0.41,"31 August, 2026"
TAMOR,Sanima Middle Tamor Hydropower Limited,548,Rs. 499.0,Rs. 475.2,Rs. 495.0,15.0,185492,90832498.5,480.0,3.12,"01 September, 2026"
TAMOR,Sanima Middle Tamor Hydropower Limited,856,Rs. 506.0,Rs. 495.0,Rs. 504.0,9.0,282709,141785954.9,495.0,1.82,"02 September, 2026"
TAMOR,Sanima Middle Tamor Hydropower Limited,555,Rs. 507.0,Rs. 493.2,Rs. 503.0,-1.0,265982,133288863.4,504.0,-0.2,"03 September, 2026"
TAMOR,Sanima Middle Tamor Hydropower Limited,405,Rs. 528.1,Rs. 495.0,Rs. 497.1,-5.9,112276,56343568.5,503.0,-1.17,"07 September, 2026"
TAMOR,Sanima Middle Tamor Hydropower Limited,463,Rs. 500.0,Rs. 490.1,Rs. 493.1,-4.0,266955,132193927.3,497.1,-0.8,"09 September, 2026"
TAMOR,Sanima Middle Tamor Hydropower Limited,371,Rs. 495.5,Rs. 486.0,Rs. 489.0,-4.1,150330,73678729.6,493.1,-0.83,"10 September, 2026"
TAMOR,Sanima Middle Tamor Hydropower Limited,304,Rs. 497.0,Rs. 488.1,Rs. 497.0,8.0,148360,73360501.4,489.0,1.64,"11 September, 2026"
TAMOR,Sanima Middle Tamor Hydropower Limited,1021,Rs. 517.5,Rs. 498.0,Rs. 516.9,19.9,398521,203841851.9,497.0,4.0,"14 September, 2026"
TAMOR,Sanima Middle Tamor Hydropower Limited,888,Rs. 539.0,Rs. 517.0,Rs. 527.0,10.1,332158,174212641.3,516.9,1.95,"15 September, 2026"
TAMOR,Sanima Middle Tamor Hydropower Limited,674,Rs. 535.0,Rs. 522.0,Rs. 526.1,-0.9,227845,120246184.2,527.0,-0.17,"16 September, 2026"
TAMOR,Sanima Middle Tamor Hydropower Limited,577,Rs. 536.9,Rs. 528.0,Rs. 533.0,6.9,199266,106388475.9,526.1,1.31,"17 September, 2026"
TAMOR,Sanima Middle Tamor Hydropower Limited,938,Rs. 550.0,Rs. 533.0,Rs. 547.9,14.9,386379,210665464.2,533.0,2.8,"18 September, 2026"
TAMOR,Sanima Middle Tamor Hydropower Limited,691,Rs. 550.0,Rs. 531.6,Rs. 533.0,-14.9,323001,174742604.6,547.9,-2.72,"22 September, 2026"
TAMOR,Sanima Middle Tamor Hydropower Limited,651,Rs. 540.0,Rs. 529.6,Rs. 534.0,1.0,245926,130958753.2,533.0,0.19,"23 September, 2026"
TAMOR,Sanima Middle Tamor Hydropower Limited,1155,Rs. 535.0,Rs. 511.0,Rs. 533.8,-0.2,464282,243539728.7,534.0,-0.04,"24 September, 2026"
TAMOR,Sanima Middle Tamor Hydropower Limited,463,Rs. 537.0,Rs. 526.0,Rs. 531.8,-2.0,152931,81032541.4,533.8,-0.37,"28 September, 2026"
TAMOR,Sanima Middle Tamor Hydropower Limited,425,Rs. 558.0,Rs. 525.0,Rs. 533.9,2.1,156910,83036924.2,531.8,0.39,"29 September, 2026"
TAMOR,Sanima Middle Tamor Hydropower Limited,284,Rs. 555.0,Rs. 522.2,Rs. 528.9,-5.0,92805,48882917.2,533.9,-0.94,"30 September, 2026"
TAMOR,Sanima Middle Tamor Hydropower Limited,257,Rs. 530.0,Rs. 520.0,Rs. 526.7,-2.2,87294,45950506.0,528.9,-0.42,"01 October, 2026"
TAMOR,Sanima Middle Tamor Hydropower Limited,456,Rs. 533.0,Rs. 511.0,Rs. 530.0,3.3,126279,66960769.2,526.7,0.63,"02 October, 2026"
TAMOR,Sanima Middle Tamor Hydropower Limited,307,Rs. 528.9,Rs. 522.0,Rs. 528.0,-2.0,92736,48730575.6,530.0,-0.38,"05 October, 2026"
TAMOR,Sanima Middle Tamor Hydropower Limited,281,Rs. 532.0,Rs. 524.0,Rs. 530.5,2.5,52148,27632808.3,528.0,0.47,"06 October, 2026"
TAMOR,Sanima Middle Tamor Hydropower Limited,681,Rs. 551.0,Rs. 528.0,Rs. 549.9,19.4,257841,139663216.9,530.5,3.66,"07 October, 2026"
TAMOR,Sanima Middle Tamor Hydropower Limited,323,Rs. 577.3,Rs. 538.0,Rs. 541.3,-8.6,90449,49274346.7,549.9,-1.56,"08 October, 2026"
